700
115 822 2849 1628
141 1055 1363 2163
4501 153 4635 1584
977 459 2491 741
2403 1186 4443 1772
363 707 4525 1298
3815 74 4541 901
641 1109 3969 1217
1657 848 2599 1830
3523 244 4073 2220
571 1617 3975 1884
381 1276 4451 1409
3177 781 3913 1410
147 1598 593 1904
339 965 2127 1407
1655 407 4709 1105
53 2236 4013 2467
443 1604 2611 2160
1519 938 1753 1502
1115 1777 1219 2021
3157 2170 4777 2252
1939 1233 2151 1344
1675 63 3563 2007
89 464 2823 2469
1973 1959 4527 2377
3119 1494 3417 2324
517 395 4929 2298
3053 413 3945 1667
513 363 1075 1854
1195 561 3219 1832
3307 1682 3397 2025
41 147 1843 2117
2529 257 4835 1991
267 1165 3043 2283
1323 1261 3077 1347
3161 234 4933 1985
1321 1974 4103 2387
1253 790 4419 1426
1853 2017 2271 2335
441 680 1095 2221
1235 1552 1329 2016
4679 746 4861 2114
4249 239 4799 628
587 684 4001 2311
3791 251 4147 453
803 160 2195 2459
2775 1230 4177 1759
3147 1052 4883 1158
1881 974 4913 2235
655 812 1965 1258
921 488 2553 502
277 692 3339 2234
283 101 1387 1057
953 1886 4995 1953
445 335 1729 472
1773 1842 2539 2476
4059 479 4703 2440
1225 2303 3127 2471
113 1450 2143 2118
3347 495 4597 513
3469 439 4149 1512
335 482 2565 1078
4069 578 4965 831
2379 846 2811 1263
1819 1899 4605 2420
411 1446 3507 1591
645 396 3271 1501
1383 747 3207 1369
3833 1702 4261 2134
2589 1582 3513 1607
2617 695 2995 2333
1367 414 2813 1498
403 291 1197 1632
389 50 4439 2219
1961 1064 3527 1066
511 1252 1289 2391
1781 149 3197 2425
763 989 4619 2381
2807 1372 2879 1806
4215 1167 4947 2292
2041 158 3107 1139
2023 791 3795 1643
189 42 3535 615
311 795 1251 1376
1243 298 2031 2011
1489 1315 3963 1821
1813 245 2861 468
2087 119 3583 768
2049 1285 4747 2161
1735 388 4823 1042
3285 804 4757 1538
3611 987 4817 2430
687 1484 4265 1599
773 514 1473 598
1283 301 3467 1241
3063 829 3131 1424
1355 1234 2499 1303
247 1290 741 2444
159 23 4535 924
343 1415 1669 2043
2079 1312 3253 1630
1257 1950 1705 2441
541 634 3899 1181
3447 152 3529 1727
1359 509 2571 1046
379 207 4507 1112
1785 508 4377 725
959 1418 2093 2446
1751 297 1859 1474
975 405 4497 903
3859 1866 4781 2211
1951 716 4463 1097
3405 110 4813 2255
3965 162 4109 2466
3279 1140 3957 1522
3673 835 4455 921
1755 600 4871 2385
2035 975 2755 996
689 1649 1959 1675
163 1085 4035 1375
1063 560 3465 1857
19 391 4085 1784
3489 760 4595 1414
2597 1069 4553 1510
29 307 4203 2189
2683 616 4533 890
1179 527 1739 1787
1809 1506 3069 2167
145 97 1673 526
319 204 3651 218
331 1463 4761 1987
4363 467 4919 826
3335 426 4593 2003
2123 501 3609 2091
2675 786 2699 1677
2739 1049 3993 1621
2453 68 3519 1925
81 191 3873 1172
1955 1980 2057 2317
1081 595 2561 1350
2359 1547 3669 1549
2481 1792 4951 2129
2449 785 2937 2367
601 6 1233 2179
2185 386 4373 2323
1953 183 2685 2103
2211 1126 2837 1737
2603 36 3191 2085
2785 1075 3297 2456
579 564 4481 581
2033 1033 3237 1245
2237 1872 4623 2257
1371 47 3773 2400
307 1154 2989 2296
2025 1602 2781 2307
833 72 4887 1461
769 1345 2867 1559
2559 1689 2857 2217
1277 980 1451 1960
1949 4 4345 1616
3199 541 4423 2417
2421 2138 3779 2152
4465 353 4807 2089
2157 285 4853 2223
733 31 1427 2491
353 1070 1373 1330
681 325 3741 1058
615 671 913 1837
1537 221 2225 2000
1305 584 1517 1957
1923 724 2751 2361
2897 1059 4395 1318
1019 1101 1793 2401
1117 2059 2161 2299
243 719 1533 2108
1621 375 2197 1615
3203 1733 4079 2297
4351 696 4977 1398
3173 704 3989 840
51 546 1151 1900
2355 169 3835 416
3923 126 4297 178
309 1196 695 2095
321 1151 797 1978
1933 1001 4877 1728
1927 988 2855 2410
1361 1030 3399 1147
203 773 2735 845
1899 597 2961 1594
2193 682 4707 2312
263 1048 743 2408
935 1286 3881 2421
229 219 1347 2404
919 313 1889 1825
69 127 1097 1834
691 243 1331 352
1141 321 2727 1507
1909 917 2797 952
2447 491 3925 792
1269 56 3887 1090
855 1381 2287 2111
1825 1770 4889 1782
1041 1095 3961 1122
1015 512 2873 877
3731 404 3775 2080
2793 1395 3797 2339
1021 1452 4359 1741
1681 209 1795 941
405 296 707 687
3213 754 3723 2205
2761 1580 3681 2376
399 1623 2389 1786
2967 1542 3387 1605
801 340 1663 580
57 1265 1957 2233
575 824 2337 1746
137 112 3829 1606
85 2360 1847 2429
2077 1020 3929 2413
1431 331 1797 1581
239 124 4071 728
153 1307 2939 1491
1405 20 1925 2325
2371 1520 4333 2372
1873 1577 3615 1874
469 607 3113 2239
1155 1159 4061 1250
3039 2489 3889 2495
225 1256 3385 2363
4479 852 4599 1916
2509 222 3033 529
109 660 783 713
1701 693 4699 1513
103 2014 1211 2033
671 62 2717 390
1143 2065 3749 2344
3109 205 4589 1813
2567 863 3635 2464
2875 272 3891 1767
2495 19 2763 34
3029 220 3343 2265
465 1339 2943 1583
3491 1120 4697 2371
2557 424 2707 1387
1145 229 4739 2253
1343 81 3057 173
4399 1183 4791 2455
901 1098 2891 1882
1967 494 3025 1396
907 264 1651 1809
2901 745 3453 1952
2373 610 2541 1284
291 1425 4433 1924
839 521 1749 1072
3805 557 4307 1025
649 32 2595 1195
1399 591 1425 2110
775 134 1071 685
721 141 3179 2384
747 193 1985 939
1319 730 1993 1492
1317 1060 1747 2433
705 451 727 2097
1905 553 1997 2222
3227 1726 3505 2156
3565 273 3901 1412
937 9 2099 1975
4015 2295 4017 2336
1447 645 3839 2008
453 1453 4301 2238
3255 914 4849 1438
1129 748 4839 1401
1227 1841 2293 1981
2719 380 3659 2328
1709 777 4041 1665
2915 192 3327 2216
2573 1354 4617 1440
557 918 4915 1524
841 800 3845 985
4199 819 4591 1133
619 563 3623 1934
1791 1457 4319 1929
3223 322 4897 549
1915 718 2963 943
1177 1169 4647 2329
3363 1242 3751 1947
11 2284 825 2484
1217 1845 2687 2412
745 22 3303 312
1099 1647 4805 2181
909 486 1207 1205
1759 1814 1943 1862
437 24 1877 2135
9 1268 315 1648
507 929 2605 1593
2923 1391 4753 2023
4565 384 4905 1185
1093 143 4687 168
43 345 1189 1521
877 226 3435 2244
3005 465 3503 1951
451 247 3035 1860
2693 638 4629 1876
501 379 1479 519
1165 1117 4417 1287
3585 1177 4939 1467
1979 2113 3587 2291
931 906 1879 2140
2183 450 2521 2375
4213 441 4487 2435
2507 103 4459 518
639 1142 667 1655
161 1123 2113 1751
455 504 2145 970
1603 1965 2457 2099
77 1749 543 2241
2583 91 2591 1823
5 947 3401 1149
1921 283 4309 2472
231 743 3457 2116
599 120 4925 1855
807 523 1653 1346
415 94 2977 1843
539 1618 983 1867
2623 319 3591 1557
2423 496 4715 1293
3443 1175 3921 1206
1255 820 1583 2133
369 1155 3871 2053
215 765 1009 873
95 1471 2615 2294
373 796 1807 1023
1901 1386 3221 1892
497 1077 3597 2250
3655 856 4645 2359
395 869 2375 2180
1043 751 4529 753
881 1657 3771 2494
4183 617 4695 1403
2955 1166 3995 1192
1635 288 3799 621
515 1763 709 2225
1977 118 2299 1296
1863 71 3073 1531
1241 1535 1775 1803
1573 1111 3333 1129
995 586 1221 2331
1629 1543 4343 1608
131 522 4331 1671
1085 334 3037 1828
3504 3836 4400 4449
998 2682 3482 3092
1622 2742 3390 4696
190 2743 4530 3089
118 3381 4276 4421
2480 2838 3544 4056
1958 2889 2564 3586
392 2687 2428 3299
1250 3518 4960 4035
1218 2883 4652 3986
2822 2848 3224 3057
160 2976 508 4659
1116 3129 3072 4601
962 4336 4870 4776
1388 2808 1954 4729
1346 3647 3500 4673
1766 3807 4992 4395
1262 2523 4428 3387
1070 2623 1758 2918
3994 3879 4538 4273
56 4174 4134 4581
490 3785 1252 4333
4052 2740 4084 4733
2200 2551 2566 3339
2814 2620 4770 3504
1270 3446 2704 4083
2056 3815 2540 3904
974 3551 2132 4016
780 4138 3762 4851
1256 2557 4706 2938
296 4334 4324 4690
2184 4280 2454 4760
1818 3028 4664 4467
1480 3173 2236 4899
1042 2864 4640 4591
562 2653 4106 2955
2186 3599 4470 4425
1128 4196 4488 4754
2002 3951 3326 4370
2422 4051 3100 4534
16 3888 194 4284
2528 4536 3608 4834
128 2693 2660 2895
142 2986 2746 3980
784 4030 3410 4136
640 3718 4062 4551
288 3241 2656 3480
1206 3862 2514 4671
40 3008 3850 4761
2146 2678 2976 3742
84 4410 98 4428
1120 4224 2960 4627
312 2517 4304 4607
270 2524 1628 3274
124 3045 2444 3995
2312 3553 2576 3725
220 2812 234 3411
3000 3005 3862 4145
888 2638 3898 3351
2908 2554 4218 3636
210 3397 4326 4674
448 2562 632 3010
182 4208 2128 4641
898 4293 2618 4606
1244 4481 2848 4923
4148 3491 4494 4162
32 3472 2048 3726
494 2697 3180 3621
1314 2572 1564 3496
536 3032 4704 3721
1830 2582 4836 4460
786 2766 1652 4036
2094 2910 2284 4182
440 3800 2902 4910
2264 4292 4594 4658
934 3956 4172 3978
3002 2631 3832 2953
892 2797 3642 4409
732 3769 768 3898
146 4238 3392 4953
2160 2662 3842 4344
218 2587 3788 3909
970 4203 4420 4616
1620 3568 4758 4557
140 3253 754 4236
1820 2943 2594 3022
3230 3443 3334 4553
828 2614 1520 3639
2728 3755 4732 4498
2474 2518 4956 3867
362 2651 3082 4474
472 2867 3534 4026
874 2597 2286 2871
236 2997 1666 4644
1882 3506 3514 4372
2974 3361 4624 4476
1402 2700 3812 3414
4848 2891 4914 4648
674 2879 1114 3529
1184 2866 4744 4489
3128 2855 3584 3936
2788 3297 4404 4888
4574 3763 4782 4303
2306 3287 4616 4178
1304 2844 2516 3152
1398 3158 1792 4538
3174 2571 4474 4132
2418 2925 3402 3207
3954 4233 4656 4258
1220 2791 3466 3502
1072 3051 3490 4569
2792 3765 3186 4595
2302 4244 3278 4352
1556 3036 4620 4896
1022 3576 2954 3681
518 3084 2696 4109
164 2648 2340 4108
1974 3422 4968 4614
352 3054 1508 4520
1570 3016 3062 3565
1158 2685 3808 4077
2220 4115 3680 4758
868 2504 1946 3393
1386 4098 3526 4626
2326 3078 2642 4804
2398 2579 2588 2699
540 3820 2364 4609
2152 3549 4980 4402
618 3805 1098 4817
4454 3774 4762 4914
1848 4384 4462 4563
1040 2975 2734 3534
4472 2952 4482 4672
1550 2936 3290 4681
2694 2645 2994 4843
2032 2688 2548 3653
1560 3046 2680 4243
4 4719 4200 4739
1780 2892 4618 4610
2498 2912 3200 4912
2892 2550 4918 3813
2212 2885 4444 3144
1894 2999 1914 3760
500 3881 698 3882
374 3657 3252 4751
2584 4363 4064 4785
722 3801 3924 4533
1952 3317 4700 3892
1686 4061 4630 4604
92 4135 3678 4852
384 2683 4394 4262
2466 4161 3784 4446
1446 2868 2112 3947
908 2570 3456 2654
1096 3517 4996 4013
3260 3707 3894 4461
2826 2900 2868 3734
408 3142 796 4726
702 2719 1566 3306
1670 2796 3324 3488
150 3873 3446 4746
1748 3650 2110 3969
2378 2526 4984 3140
616 3722 1878 4466
1352 2563 2980 3570
710 3569 1322 4062
382 2545 734 3564
468 3983 4128 4772
1838 3068 2092 3823
474 2576 3018 3901
58 2601 572 2795
2324 2779 3322 4349
380 3926 1108 4905
3752 2589 4246 4451
26 3918 3202 4664
280 2622 2578 3530
4210 2656 4716 3916
172 3982 862 4201
958 2911 1920 3203
42 3033 1990 3646
1726 3645 4886 4965
48 2990 2012 4597
302 2657 4888 3808
1762 4021 3774 4675
1260 4369 3046 4964
4424 2968 4504 4932
1602 3263 3030 3372
3144 3132 3810 3684
502 2921 2510 4359
3208 2960 3516 4794
3088 3386 3380 3848
196 3392 3384 3767
286 3497 3826 3541
1794 3224 2676 3430
638 3709 4692 4390
1138 2856 2394 4702
28 2819 3268 4958
1684 2536 4350 3914
1496 3535 1822 4845
1472 3174 4170 4499
4060 2909 4614 4657
2652 2752 4266 4385
3580 3526 3804 3575
4398 4391 4466 4940
1394 3324 4502 3577
412 3959 4658 4615
246 3091 1862 3200
1296 2773 2692 4435
130 3264 4432 3268
644 2729 2216 4147
3246 3151 4754 4415
256 3265 1936 4206
1204 3993 2914 4516
3488 2659 3950 4544
4016 3024 4318 3433
1356 4318 3216 4453
2234 4389 3980 4900
2838 3176 3360 3451
1722 2541 2070 3766
12 4020 1534 4797
2196 3640 3658 4669
1016 4252 2942 4795
1476 3135 3884 4423
94 2603 4378 4773
2010 3159 4778 4192
3458 2767 3662 4513
434 2897 792 3123
44 3512 1176 3715
1760 4286 3654 4562
2206 3448 3484 3864
3388 4447 4338 4986
574 3231 4646 4763
1522 2991 3302 4351
350 4097 3940 4275
880 3736 1892 4711
2626 3318 3844 4430
1962 4710 4514 4949
1248 2561 3420 3717
2614 2841 3736 4527
488 3150 1092 4110
3408 3468 3676 3825
2958 3030 4360 4630
74 3114 624 3560
920 3467 2100 4951
1516 3610 4740 4307
806 3404 1658 3852
2944 3139 4626 3620
1212 3261 4994 4124
492 2974 4818 3894
3640 3748 4434 4405
366 3589 1942 4691
1410 2924 3558 4545
3296 3206 4926 3334
802 2813 3698 4164
2990 2704 4498 4972
2390 3412 4958 4261
1032 2971 1172 4004
1302 3782 3748 4171
2770 4323 4268 4432
1294 2714 4792 3771
706 3593 2922 4300
486 3705 2612 4271
326 3359 726 4827
2522 3432 3172 4822
930 2559 2246 4387
1906 2647 2742 3547
398 3405 2288 3768
3838 2733 3888 3269
340 2707 2432 2736
902 2851 2502 4168
1506 2775 4542 4998
994 3906 3232 3934
1358 2782 2590 3716
666 2522 4902 3987
3706 3749 3996 4935
1000 3177 2706 3984
3786 3680 4094 4539
2616 2913 3462 2923
1014 3146 3044 3963
1898 2799 4120 3459
2964 2735 4334 2994
2478 3919 4068 4160
2350 2573 3012 2776
606 3728 1466 4537
2228 2987 3244 4769
112 3390 4534 3854
470 3382 694 4984
1448 2663 1468 3362
3344 2746 4456 3900
3418 3729 4076 4158
3914 2712 4010 3911
2970 2546 3056 2611
3150 3041 3760 3697
1242 3212 2534 4012
1310 2754 4342 3220
2668 3609 4306 3809
2374 3434 2782 4897
2434 3074 4928 4251
1484 2680 2482 3300
1828 4186 3904 4209
3522 3616 4662 4743
1076 3309 4734 4401
2762 3403 4486 3605
860 2804 3942 4546
2666 4803 3652 4956
136 4697 1276 4871
416 3856 2754 4862
446 3243 2768 4066
2888 3623 4822 3738
2470 3145 2722 3642
2040 2525 3122 4878
322 3965 2858 4718
1676 4316 3058 4937
3450 2710 3630 4487
3840 2836 4122 4015
1786 4624 3378 4775
1050 2628 1150 3538
2322 3027 2634 4297
1768 3038 1784 4736
2188 3018 4730 3427
690 2744 3086 4549
1718 2568 4522 4594
2850 3293 2926 4414
1512 3148 3704 3846
156 4003 782 4530
2304 3366 4066 4029
3834 4214 4230 4759
3930 2950 4528 3558
1330 2583 4988 3352
568 3804 2468 4921
680 2542 2078 3838
1190 3925 1342 4826
1146 3531 2946 3930
2154 3507 3728 4734
114 4571 4228 4991
2818 2605 2912 3483
2798 4289 3916 4825
1814 3257 1888 4844
1380 3192 4174 4017
2074 4156 4674 4839
244 2642 1440 3424
986 2806 3006 3989
552 3347 2504 4750
3328 2789 3790 3000
1536 3004 4018 4418
3754 4635 3946 4999
102 2737 522 3090
1880 3871 3092 4831
748 3256 4634 3758
1340 2831 3376 4778

