1
1000 1000
4 7
3 100
999 34
234 55
3 77
544 12
6 34
4 75
4 73
33 150
999 346
234 55
3 76
544 12
63 34
43 75
423 7
312 100
999 34
234 55
33 77
544 13
65 34
43 75
41 73
331 150
999 346
234 55
31 76
54 12
613 34
403 75
41 7
31 200
999 14
234 525
3 771
544 112
6 343
45 753
46 73
331 150
999 346
234 55
31 76
54 12
633 34
430 75
423 7
312 100
999 34
234 55
331 77
544 13
653 34
43 75
41 73
331 150
999 346
234 55
31 76
54 12
613 34
403 75
41 7
33 100
999 34
234 55
3 77
544 12
6 34
4 75
4 73
33 150
999 346
234 55
3 76
544 12
63 34
43 75
423 7
312 100
999 34
234 55
33 77
544 13
65 34
43 75
41 73
331 150
999 346
234 55
31 76
54 12
613 34
403 75
41 7
31 200
999 14
234 525
3 771
544 112
6 343
45 753
46 73
331 150
999 346
234 55
31 76
54 12
633 34
430 75
423 7
312 100
999 34
234 55
331 77
544 13
653 34
43 75
41 73
331 150
999 346
234 55
31 76
54 12
613 34
403 75
42 7
33 100
999 34
234 55
3 77
544 12
6 34
4 75
4 73
33 150
999 346
234 55
3 76
544 12
63 34
43 75
423 7
312 100
999 34
234 55
33 77
544 13
65 34
43 75
41 73
331 150
999 346
234 55
31 76
54 12
613 34
403 75
41 7
31 200
999 14
234 525
3 771
544 112
6 343
45 753
46 73
331 150
999 346
234 55
31 76
54 12
633 34
430 75
423 7
312 100
999 34
234 55
331 77
544 13
653 34
43 75
41 73
331 150
999 346
234 55
31 76
54 12
613 34
403 75
41 7
33 100
999 34
234 55
3 77
544 12
6 34
4 75
4 73
33 150
999 346
234 55
3 76
544 12
63 34
43 75
423 7
312 100
999 34
234 55
33 77
544 13
65 34
43 75
41 73
331 150
999 346
234 55
31 76
54 12
613 34
403 75
41 7
31 200
999 14
234 525
3 771
544 112
6 343
45 753
46 73
331 150
999 346
234 55
31 76
54 12
633 34
430 75
423 7
312 100
999 34
234 55
331 77
544 13
653 34
43 75
41 73
331 150
999 346
234 55
31 76
54 12
613 34
403 75
4 7
3 100
999 34
234 55
3 77
544 12
6 34
4 75
4 73
33 150
999 346
234 55
3 76
544 12
63 34
43 75
423 7
312 100
999 34
234 55
33 77
544 13
65 34
43 75
41 73
331 150
999 346
234 55
31 76
54 12
613 34
403 75
41 7
31 200
999 14
234 525
3 771
544 112
6 343
45 753
46 73
331 150
999 346
234 55
31 76
54 12
633 34
430 75
423 7
312 100
999 34
234 55
331 77
544 13
653 34
43 75
41 73
331 150
999 346
234 55
31 76
54 12
613 34
403 75
41 7
33 100
999 34
234 55
3 77
544 12
6 34
4 75
4 73
33 150
999 346
234 55
3 76
544 12
63 34
43 75
423 7
312 100
999 34
234 55
33 77
544 13
65 34
43 75
41 73
331 150
999 346
234 55
31 76
54 12
613 34
403 75
41 7
31 200
999 14
234 525
3 771
544 112
6 343
45 753
46 73
331 150
999 346
234 55
31 76
54 12
633 34
430 75
423 7
312 100
999 34
234 55
331 77
544 13
653 34
43 75
41 73
331 150
999 346
234 55
31 76
54 12
613 34
403 75
42 7
33 100
999 34
234 55
3 77
544 12
6 34
4 75
4 73
33 150
999 346
234 55
3 76
544 12
63 34
43 75
423 7
312 100
999 34
234 55
33 77
544 13
65 34
43 75
41 73
331 150
999 346
234 55
31 76
54 12
613 34
403 75
41 7
31 200
999 14
234 525
3 771
544 112
6 343
45 753
46 73
331 150
999 346
234 55
31 76
54 12
633 34
430 75
423 7
312 100
999 34
234 55
331 77
544 13
653 34
43 75
41 73
331 150
999 346
234 55
31 76
54 12
613 34
403 75
41 7
33 100
999 34
234 55
3 77
544 12
6 34
4 75
4 73
33 150
999 346
234 55
3 76
544 12
63 34
43 75
423 7
312 100
999 34
234 55
33 77
544 13
65 34
43 75
41 73
331 150
999 346
234 55
31 76
54 12
613 34
403 75
41 7
31 200
999 14
234 525
3 771
544 112
6 343
45 753
46 73
331 150
999 346
234 55
31 76
54 12
633 34
430 75
423 7
312 100
999 34
234 55
331 77
544 13
653 34
43 75
41 73
331 150
999 346
234 55
31 76
54 12
613 34
403 75
4 7
3 100
999 34
234 55
3 77
544 12
6 34
4 75
4 73
33 150
999 346
234 55
3 76
544 12
63 34
43 75
423 7
312 100
999 34
234 55
33 77
544 13
65 34
43 75
41 73
331 150
999 346
234 55
31 76
54 12
613 34
403 75
41 7
31 200
999 14
234 525
3 771
544 112
6 343
45 753
46 73
331 150
999 346
234 55
31 76
54 12
633 34
430 75
423 7
312 100
999 34
234 55
331 77
544 13
653 34
43 75
41 73
331 150
999 346
234 55
31 76
54 12
613 34
403 75
41 7
33 100
999 34
234 55
3 77
544 12
6 34
4 75
4 73
33 150
999 346
234 55
3 76
544 12
63 34
43 75
423 7
312 100
999 34
234 55
33 77
544 13
65 34
43 75
41 73
331 150
999 346
234 55
31 76
54 12
613 34
403 75
41 7
31 200
999 14
234 525
3 771
544 112
6 343
45 753
46 73
331 150
999 346
234 55
31 76
54 12
633 34
430 75
423 7
312 100
999 34
234 55
331 77
544 13
653 34
43 75
41 73
331 150
999 346
234 55
31 76
54 12
613 34
403 75
42 7
33 100
999 34
234 55
3 77
544 12
6 34
4 75
4 73
33 150
999 346
234 55
3 76
544 12
63 34
43 75
423 7
312 100
999 34
234 55
33 77
544 13
65 34
43 75
41 73
331 150
999 346
234 55
31 76
54 12
613 34
403 75
41 7
31 200
999 14
234 525
3 771
544 112
6 343
45 753
46 73
331 150
999 346
234 55
31 76
54 12
633 34
430 75
423 7
312 100
999 34
234 55
331 77
544 13
653 34
43 75
41 73
331 150
999 346
234 55
31 76
54 12
613 34
403 75
41 7
33 100
999 34
234 55
3 77
544 12
6 34
4 75
4 73
33 150
999 346
234 55
3 76
544 12
63 34
43 75
423 7
312 100
999 34
234 55
33 77
544 13
65 34
43 75
41 73
331 150
999 346
234 55
31 76
54 12
613 34
403 75
41 7
31 200
999 14
234 525
3 771
544 112
6 343
45 753
46 73
331 150
999 346
234 55
31 76
54 12
633 34
430 75
423 7
312 100
999 34
234 55
331 77
544 13
653 34
43 75
41 73
331 150
999 346
234 55
31 76
54 12
613 34
403 75
4 7
3 100
999 34
234 55
3 77
544 12
6 34
4 75
4 73
33 150
999 346
234 55
3 76
544 12
63 34
43 75
423 7
312 100
999 34
234 55
33 77
544 13
65 34
43 75
41 73
331 150
999 346
234 55
31 76
54 12
613 34
403 75
41 7
31 200
999 14
234 525
3 771
544 112
6 343
45 753
46 73
331 150
999 346
234 55
31 76
54 12
633 34
430 75
423 7
312 100
999 34
234 55
331 77
544 13
653 34
43 75
41 73
331 150
999 346
234 55
31 76
54 12
613 34
403 75
41 7
33 100
999 34
234 55
3 77
544 12
6 34
4 75
4 73
33 150
999 346
234 55
3 76
544 12
63 34
43 75
423 7
312 100
999 34
234 55
33 77
544 13
65 34
43 75
41 73
331 150
999 346
234 55
31 76
54 12
613 34
403 75
41 7
31 200
999 14
234 525
3 771
544 112
6 343
45 753
46 73
331 150
999 346
234 55
31 76
54 12
633 34
430 75
423 7
312 100
999 34
234 55
331 77
544 13
653 34
43 75
41 73
331 150
999 346
234 55
31 76
54 12
613 34
403 75
42 7
33 100
999 34
234 55
3 77
544 12
6 34
4 75
4 73
33 150
999 346
234 55
3 76
544 12
63 34
43 75
423 7
312 100
999 34
234 55
33 77
544 13
65 34
43 75
41 73
331 150
999 346
234 55
31 76
54 12
613 34
403 75
41 7
31 200
999 14
234 525
3 771
544 112
6 343
45 753
46 73
331 150
999 346
234 55
31 76
54 12
633 34
430 75
423 7
312 100
999 34
234 55
331 77
544 13
653 34
43 75
41 73
331 150
999 346
234 55
31 76
54 12
613 34
403 75
41 7
33 100
999 34
234 55
3 77
544 12
6 34
4 75
4 73
33 150
999 346
234 55
3 76
544 12
63 34
43 75
423 7
312 100
999 34
234 55
33 77
544 13
65 34
43 75
41 73
331 150
999 346
234 55
31 76
54 12
613 34
403 75
41 7
31 200
999 14
234 525
3 771
544 112
6 343
45 753
46 73
331 150
999 346
234 55
31 76
54 12
633 34
430 75
423 7
312 100
999 34
234 55
331 77
544 13
653 34
43 75
41 73
331 150
999 346
234 55
31 76
54 12
613 34
403 75
