1
200 100
323434123
123414
127
324324324
234324
234324324324
324324343242
32432432442
2432
4424324324
123414
124234
1234
3456
3456478
234324
2342134
123414
127
324324324
234324
234324324324
324324343242
32432432442
2432
4424324324
3456
345678
234324
2342134
123414
124234
123
3456
345678
3234324
2342134
1523414
124234
1253
3456
3455678
123414
127
324324324
234324
234324324324
324324343242
32432432442
2432
4424324324
123414
124234
1234
3456
3456478
234324
2342134
123414
127
324324324
234324
234324324324
324324343242
324324343242
32432432442
2432
4424324324
2343524
23424134
1234314
1242434
2342134
123414
124234
1234
3456
3456478
234324
2342134
123414
123414
127
324324324
234324
234324324324
324324343242
32432432442
2432
4424324324
123414
124234
1234
3456
3456478
234324
2342134
123414
127
324324324
234324
234324324324
324324343242
32432432442
2432
4424324324
127
324324324
234324
234324324324
324324343242
32432432442
2432
4424324324
123414
124234
1234
3456
3456478
234324
2342134
123414
127
324324324
234324
234324324324
324324343242
32432432442
2432
4424324324
32432432442
2432
4424324324
2343524
23424134
1234314
1242434
2342134
123414
124234
1234
3456
3456478
234324
2342134
123414
123414
127
324324324
234324
234324324324
324324343242
32432432442
2432
4424324324
123414
124234
1234
3456
3456478
234324
2342134
123414
127
324324324
234324
234324324324
324324343242
32432432442
2432
4424324324
127
324324324
234324
234324324324
324324343242
32432432442
2432
4424324324
123414
124234
1234
3456
3456478
234324
2342134
123414
127
127
324324324
234324
234324324324
324324343242
32432432442
324324324
234324
234324324324
324324343242
32432432442
2432
4424324324
