Case #1:
10000000000000000000000000000001 3 2 5 6 7 4 9 10 11
10100000000000000000000000000001 7 13 3 31 43 19 73 91 37
11100000000000000000000000000001 3 2 5 4 7 8 9 10 11
10110000000000000000000000000001 3 2 5 4 7 8 9 10 11
11001000000000000000000000000001 3 2 5 4 7 8 9 10 11
10011000000000000000000000000001 3 2 5 4 7 8 9 10 11
10111000000000000000000000000001 5 11 31 71 311 29 151 61 41
11111000000000000000000000000001 3 2 5 6 7 4 9 10 11
10000100000000000000000000000001 7 13 3 11 43 19 73 29 37
10100100000000000000000000000001 3 2 5 4 7 8 9 10 11
11110100000000000000000000000001 5 2 3 13 17 6 65 7 37
10001100000000000000000000000001 3 2 5 4 7 8 9 10 11
11101100000000000000000000000001 3 2 5 6 7 4 9 10 11
11011100000000000000000000000001 13 2 3 37 53 6 17 34 73
10111100000000000000000000000001 3 2 5 6 7 4 9 10 11
11000010000000000000000000000001 3 2 5 4 7 8 9 10 11
10010010000000000000000000000001 3 2 5 4 7 8 9 10 11
11110010000000000000000000000001 3 2 5 6 7 4 9 10 11
11101010000000000000000000000001 5 2 3 7 37 6 13 41 47
11011010000000000000000000000001 3 2 5 6 7 4 9 10 11
10111010000000000000000000000001 17 2 3 313 19 6 11 34 73
10000110000000000000000000000001 3 2 5 4 7 8 9 10 11
11100110000000000000000000000001 3 2 5 6 7 4 9 10 11
11010110000000000000000000000001 5 2 3 13 37 6 29 41 7
10110110000000000000000000000001 3 2 5 6 7 4 9 10 11
10001110000000000000000000000001 13 373 113 7 5 53 139 31 23
11001110000000000000000000000001 3 2 5 6 7 4 9 10 11
10101110000000000000000000000001 5 2 3 13 37 6 23 7 101
11101110000000000000000000000001 127 7 43 1453 11 13 337 53 139
10011110000000000000000000000001 3 2 5 6 7 4 9 10 11
11111110000000000000000000000001 3 2 5 4 7 8 9 10 11
10100001000000000000000000000001 3 2 5 4 7 8 9 10 11
10001001000000000000000000000001 3 2 5 4 7 8 9 10 11
10101001000000000000000000000001 5 859 19 47 181 467 11 4507 107
11101001000000000000000000000001 3 2 5 6 7 4 9 10 11
10011001000000000000000000000001 7 11 31 71 5 173 13 61 41
10111001000000000000000000000001 3 2 5 6 7 4 9 10 11
11100101000000000000000000000001 5 2 3 13 37 6 23 41 39
10110101000000000000000000000001 7 2 3 11 43 6 41 13 29
10001101000000000000000000000001 19 5 4013 811 149 137 23 47 17
11001101000000000000000000000001 283 2 3 43 13 6 61 31 7
10101101000000000000000000000001 3 2 5 6 7 4 9 10 11
10000011000000000000000000000001 3 2 5 4 7 8 9 10 11
11100011000000000000000000000001 3 2 5 6 7 4 9 10 11
11010011000000000000000000000001 11 2 3 19 23 6 31 37 13
10110011000000000000000000000001 3 2 5 6 7 4 9 10 11
11001011000000000000000000000001 3 2 5 6 7 4 9 10 11
10011011000000000000000000000001 3 2 5 6 7 4 9 10 11
11111011000000000000000000000001 3 2 5 4 7 8 9 10 11
11000111000000000000000000000001 5 2 3 11 37 6 13 41 29
10100111000000000000000000000001 3 2 5 6 7 4 9 10 11
11110111000000000000000000000001 23 2 8971 4 251 29 67 8 13
10001111000000000000000000000001 3 2 5 6 7 4 9 10 11
11101111000000000000000000000001 3 2 5 4 7 8 9 10 11
10111111000000000000000000000001 3 2 5 4 7 8 9 10 11
10000000100000000000000000000001 7 5 3 31 23 19 73 13 37
11000000100000000000000000000001 3 2 5 4 7 8 9 10 11
10010000100000000000000000000001 3 2 5 4 7 8 9 10 11
11110000100000000000000000000001 3 2 5 6 7 4 9 10 11
11001000100000000000000000000001 13 73 29 43 5 181 37 227 9901
10101000100000000000000000000001 3 5 11 9 211 2801 15 61 41
11011000100000000000000000000001 3 2 5 6 7 4 9 10 11
10111000100000000000000000000001 7 2 3 31 43 6 73 13 37
11111000100000000000000000000001 41 5 7393 7 739 79 25 3739 61
10000100100000000000000000000001 3 2 5 4 7 8 9 10 11
11100100100000000000000000000001 3 2 5 6 7 4 9 10 11
11010100100000000000000000000001 7 2 3 31 43 6 73 13 37
10110100100000000000000000000001 3 2 5 6 7 4 9 10 11
11001100100000000000000000000001 3 2 5 6 7 4 9 10 11
10011100100000000000000000000001 3 2 5 6 7 4 9 10 11
11111100100000000000000000000001 3 2 5 4 7 8 9 10 11
11100010100000000000000000000001 5 2 3 13 29 6 11 7 37
11010010100000000000000000000001 3 2 5 6 7 4 9 10 11
10001010100000000000000000000001 3 5 73 47 17 1429 15 239 797
10101010100000000000000000000001 7 2 3 31 43 4 73 13 37
11111010100000000000000000000001 1523 2 11 4 103 22 23 8 7
11000110100000000000000000000001 3 2 5 6 7 4 9 10 11
10100110100000000000000000000001 5 2 3 7 37 6 13 41 101
10010110100000000000000000000001 3 2 5 6 7 4 9 10 11
11110110100000000000000000000001 3 2 5 4 7 8 9 10 11
10001110100000000000000000000001 7 2 3 31 43 6 73 13 37
11101110100000000000000000000001 11 2 29 4 17 107 113 8 151
11011110100000000000000000000001 3 2 5 4 7 8 9 10 11
11111110100000000000000000000001 7 13 3 11 43 9 73 91 37
10000001100000000000000000000001 3 2 5 4 7 8 9 10 11
11100001100000000000000000000001 3 2 5 6 7 4 9 10 11
10010001100000000000000000000001 6793 7 1489 53 5 11 13 337 211
10110001100000000000000000000001 3 2 5 6 7 4 9 10 11
10001001100000000000000000000001 31 11 23 13 5 223 17 61 41
11001001100000000000000000000001 3 2 5 6 7 4 9 10 11
10011001100000000000000000000001 3 2 5 6 7 4 9 10 11
11111001100000000000000000000001 3 2 5 4 7 8 9 10 11
10000101100000000000000000000001 137 5 499 7 25 1949 11 227 29
10100101100000000000000000000001 3 2 5 6 7 4 9 10 11
10010101100000000000000000000001 7 2 3 31 13 6 73 14 37
11010101100000000000000000000001 3 5 83 107 11 277 7 23 523
10001101100000000000000000000001 3 2 5 6 7 4 9 10 11
11101101100000000000000000000001 3 2 5 4 7 8 9 10 11
10111101100000000000000000000001 3 2 5 4 7 8 9 10 11
11000011100000000000000000000001 3 2 5 6 7 4 9 10 11
10100011100000000000000000000001 7 2 3 23 43 6 73 13 19
10010011100000000000000000000001 3 2 5 6 7 4 9 10 11
11010011100000000000000000000001 5 31 2897 1063 167 11 7 1193 41
11110011100000000000000000000001 3 2 5 4 7 8 9 10 11
11011011100000000000000000000001 3 2 5 4 7 8 9 10 11
10000111100000000000000000000001 3 2 5 6 7 4 9 10 11
11100111100000000000000000000001 3 2 5 4 7 8 9 10 11
10110111100000000000000000000001 3 2 5 4 7 8 9 10 11
11110111100000000000000000000001 7 13 3 19 43 9 73 37 111
11001111100000000000000000000001 3 2 5 4 7 8 9 10 11
10011111100000000000000000000001 3 2 5 4 7 8 9 10 11
10111111100000000000000000000001 5 13 3 31 43 9 73 7 37
11111111100000000000000000000001 3 2 5 6 7 4 9 10 11
10100000010000000000000000000001 3 2 5 4 7 8 9 10 11
10110000010000000000000000000001 31 11 341 17 5 61 151 59 41
11110000010000000000000000000001 5 2 3 7 37 6 13 29 67
10001000010000000000000000000001 3 2 5 4 7 8 9 10 11
11101000010000000000000000000001 3 2 5 6 7 4 9 10 11
10111000010000000000000000000001 3 2 5 6 7 4 9 10 11
11100100010000000000000000000001 7 2 3 31 43 6 73 13 37
10010100010000000000000000000001 3 7 13 21 5 43 19 73 23
11010100010000000000000000000001 19 2 3 5209 499 4 97 109 337
10110100010000000000000000000001 5 2 3 13 37 6 11 41 101
10101100010000000000000000000001 3 2 5 6 7 4 9 10 11
11101100010000000000000000000001 13 5 59 19 17 1451 7 11 179
10011100010000000000000000000001 17 2 3 34 13 6 241 193 73
11011100010000000000000000000001 3 7 13 11 31 5 19 73 91
10000010010000000000000000000001 3 2 5 4 7 8 9 10 11
11100010010000000000000000000001 3 2 5 6 7 4 9 10 11
11010010010000000000000000000001 5 2 3 13 37 6 43 41 47
10110010010000000000000000000001 3 2 5 6 7 4 9 10 11
11001010010000000000000000000001 3 2 5 6 7 4 9 10 11
10101010010000000000000000000001 5 2 3 11 37 6 13 41 101
10011010010000000000000000000001 3 2 5 6 7 4 9 10 11
11111010010000000000000000000001 3 2 5 4 7 8 9 10 11
10100110010000000000000000000001 3 2 5 6 7 4 9 10 11
10010110010000000000000000000001 5 2 3 13 17 6 65 41 83
10001110010000000000000000000001 3 2 5 6 7 4 9 10 11
11101110010000000000000000000001 3 2 5 4 7 8 9 10 11
10111110010000000000000000000001 3 2 5 4 7 8 9 10 11
11100001010000000000000000000001 5 2 3 13 11 6 17 41 23
10010001010000000000000000000001 3 11 7 23 5 71 31 61 17
10110001010000000000000000000001 823 2 3 7 17 6 827 19 3301
10101001010000000000000000000001 3 2 5 6 7 4 9 10 11
10100101010000000000000000000001 5 2 3 13 37 6 25 7 17
11110101010000000000000000000001 5 2 17 4 37 10 13 8 7
10011101010000000000000000000001 3 5 13 7 31 43 15 53 91
11011101010000000000000000000001 7 2 59 4 13 17 11 8 61
11000011010000000000000000000001 5 2 3 13 37 6 11 41 39
10100011010000000000000000000001 3 2 5 6 7 4 9 10 11
10001011010000000000000000000001 3 2 5 6 7 4 9 10 11
11101011010000000000000000000001 3 2 5 4 7 8 9 10 11
10111011010000000000000000000001 3 2 5 4 7 8 9 10 11
10000111010000000000000000000001 5 2 3 13 29 6 59 41 7
11100111010000000000000000000001 19 2 11 4 23 13 53 8 181
11010111010000000000000000000001 5 2 7 4 37 10 13 8 17
10101111010000000000000000000001 3 2 5 4 7 8 9 10 11
11111111010000000000000000000001 5 2 17 13 19 10 65 41 101
10000000110000000000000000000001 3 2 5 4 7 8 9 10 11
10100000110000000000000000000001 23 11 31 7 5 67 41 17 271
11100000110000000000000000000001 3 2 5 6 7 4 9 10 11
10010000110000000000000000000001 1877 5 43 41 25 7207 17 19 499
10110000110000000000000000000001 3 2 5 6 7 4 9 10 11
11001000110000000000000000000001 3 2 5 6 7 4 9 10 11
10101000110000000000000000000001 7 2 3 17 43 6 11 13 37
10011000110000000000000000000001 3 2 5 6 7 4 9 10 11
11011000110000000000000000000001 13 11 73 89 97 53 7 6481 17
11111000110000000000000000000001 3 2 5 4 7 8 9 10 11
11000100110000000000000000000001 7 2 3 31 43 6 73 13 37
10100100110000000000000000000001 3 2 5 6 7 4 9 10 11
10001100110000000000000000000001 3 2 5 6 7 4 9 10 11
11101100110000000000000000000001 3 2 5 4 7 8 9 10 11
10111100110000000000000000000001 3 2 5 4 7 8 9 10 11
11111100110000000000000000000001 5 13 3 31 43 9 73 7 37
11000010110000000000000000000001 3 2 5 6 7 4 9 10 11
10100010110000000000000000000001 5 2 3 13 37 6 65 19 7
10010010110000000000000000000001 3 2 5 6 7 4 9 10 11
11110010110000000000000000000001 3 2 5 4 7 8 9 10 11
11011010110000000000000000000001 3 2 5 4 7 8 9 10 11
10000110110000000000000000000001 3 2 5 6 7 4 9 10 11
11000110110000000000000000000001 17 5 283 7 11 113 35 19 2689
11100110110000000000000000000001 3 2 5 4 7 8 9 10 11
10110110110000000000000000000001 3 2 5 4 7 8 9 10 11
10001110110000000000000000000001 5 37 43 11 109 29 7 47 239
11001110110000000000000000000001 3 2 5 4 7 8 9 10 11
11101110110000000000000000000001 7 5 3 31 43 9 41 13 37
10011110110000000000000000000001 3 2 5 4 7 8 9 10 11
11111110110000000000000000000001 3 2 5 6 7 4 9 10 11
10000001110000000000000000000001 31 5 11 29 311 1277 151 61 7
10100001110000000000000000000001 3 2 5 6 7 4 9 10 11
10001001110000000000000000000001 3 2 5 6 7 4 9 10 11
11101001110000000000000000000001 3 2 5 4 7 8 9 10 11
10111001110000000000000000000001 3 2 5 4 7 8 9 10 11
11111001110000000000000000000001 17 5 3 1889 3593 449 283 419 9
10000101110000000000000000000001 7 2 3 31 43 6 73 13 37
11110101110000000000000000000001 3 13 7 9 43 19 11 17 37
10101101110000000000000000000001 3 2 5 4 7 8 9 10 11
10111101110000000000000000000001 7 5 3 23 17 9 73 13 37
11111101110000000000000000000001 31 2 11 7 5 29 151 22 41
10000011110000000000000000000001 3 2 5 6 7 4 9 10 11
11100011110000000000000000000001 3 2 5 4 7 8 9 10 11
10110011110000000000000000000001 3 2 5 4 7 8 9 10 11
11001011110000000000000000000001 3 2 5 4 7 8 9 10 11
10011011110000000000000000000001 3 2 5 4 7 8 9 10 11
11111011110000000000000000000001 3 2 5 6 7 4 9 10 11
10100111110000000000000000000001 3 2 5 4 7 8 9 10 11
11100111110000000000000000000001 7 13 3 31 11 9 73 91 37
11110111110000000000000000000001 5 2 13 26 25 10 65 41 43
10001111110000000000000000000001 3 2 5 4 7 8 9 10 11
10101111110000000000000000000001 7 13 3 31 43 9 17 91 37
11101111110000000000000000000001 3 2 5 6 7 4 9 10 11
11011111110000000000000000000001 37 2 3301 61 5 127 523 1951 1063
10111111110000000000000000000001 3 2 5 6 7 4 9 10 11
11000000001000000000000000000001 3 2 5 4 7 8 9 10 11
10010000001000000000000000000001 3 2 5 4 7 8 9 10 11
11110000001000000000000000000001 3 2 5 6 7 4 9 10 11
10101000001000000000000000000001 3 7 13 21 5 29 19 17 71
11101000001000000000000000000001 5 2 3 13 37 6 65 23 53
11011000001000000000000000000001 3 2 5 6 7 4 9 10 11
11111000001000000000000000000001 11 47 7 37 41 13 29 313 23
10000100001000000000000000000001 3 2 5 4 7 8 9 10 11
11100100001000000000000000000001 3 2 5 6 7 4 9 10 11
10010100001000000000000000000001 19 491 11 89 5 131 383 29 17
11010100001000000000000000000001 5 2 3 13 37 6 65 41 101
10110100001000000000000000000001 3 2 5 6 7 4 9 10 11
11001100001000000000000000000001 3 2 5 6 7 4 9 10 11
10101100001000000000000000000001 5 2 3 13 37 6 25 41 101
10011100001000000000000000000001 3 2 5 6 7 4 9 10 11
11111100001000000000000000000001 3 2 5 4 7 8 9 10 11
11010010001000000000000000000001 3 2 5 6 7 4 9 10 11
10001010001000000000000000000001 3 167 1229 9 5 47 1619 7 61
11001010001000000000000000000001 5 2 3 13 37 6 65 41 101
10011010001000000000000000000001 17 2 3 29 103 6 241 34 31
10111010001000000000000000000001 3 5 13 7 31 43 15 73 91
11000110001000000000000000000001 3 2 5 6 7 4 9 10 11
10100110001000000000000000000001 7 2 3 31 43 6 73 13 37
10010110001000000000000000000001 3 2 5 6 7 4 9 10 11
11110110001000000000000000000001 3 2 5 4 7 8 9 10 11
10001110001000000000000000000001 5 2 3 13 19 6 65 11 7
10011110001000000000000000000001 47 1453 113 43 131 11 7 1237 173
11011110001000000000000000000001 3 2 5 4 7 8 9 10 11
10000001001000000000000000000001 3 2 5 4 7 8 9 10 11
11100001001000000000000000000001 3 2 5 6 7 4 9 10 11
10110001001000000000000000000001 3 2 5 6 7 4 9 10 11
11001001001000000000000000000001 3 2 5 6 7 4 9 10 11
11101001001000000000000000000001 41 53 293 11 17 397 7 19 31
10011001001000000000000000000001 3 2 5 6 7 4 9 10 11
11111001001000000000000000000001 3 2 5 4 7 8 9 10 11
11000101001000000000000000000001 5 2 3 13 17 6 65 41 7
10100101001000000000000000000001 3 2 5 6 7 4 9 10 11
10001101001000000000000000000001 3 2 5 6 7 4 9 10 11
11101101001000000000000000000001 3 2 5 4 7 8 9 10 11
10111101001000000000000000000001 3 2 5 4 7 8 9 10 11
11000011001000000000000000000001 3 2 5 6 7 4 9 10 11
11100011001000000000000000000001 5 7753 7 17 83 101 49 367 13
10010011001000000000000000000001 3 2 5 6 7 4 9 10 11
11110011001000000000000000000001 3 2 5 4 7 8 9 10 11
11011011001000000000000000000001 3 2 5 4 7 8 9 10 11
10111011001000000000000000000001 5 2 149 4 13 10 251 7 71
10000111001000000000000000000001 3 2 5 6 7 4 9 10 11
10100111001000000000000000000001 5 7 29 79 577 17 359 97 2513
11100111001000000000000000000001 3 2 5 4 7 8 9 10 11
10110111001000000000000000000001 3 2 5 4 7 8 9 10 11
11001111001000000000000000000001 3 2 5 4 7 8 9 10 11
10011111001000000000000000000001 3 2 5 4 7 8 9 10 11
11111111001000000000000000000001 3 2 5 6 7 4 9 10 11
11100000101000000000000000000001 5 2 3 13 37 6 65 41 7
11010000101000000000000000000001 3 2 5 6 7 4 9 10 11
10110000101000000000000000000001 7 2 3 31 43 6 23 13 37
10001000101000000000000000000001 3 5 13 7 31 43 15 37 91
10111000101000000000000000000001 3 883 23 3691 3719 5 7 1637 17
11000100101000000000000000000001 3 2 5 6 7 4 9 10 11
10100100101000000000000000000001 5 2 3 13 37 6 11 17 101
10010100101000000000000000000001 3 2 5 6 7 4 9 10 11
11110100101000000000000000000001 3 2 5 4 7 8 9 10 11
10101100101000000000000000000001 3 7 13 21 31 17 19 73 49
11011100101000000000000000000001 3 2 5 4 7 8 9 10 11
11000010101000000000000000000001 5 2 3 7 37 6 13 41 89
10100010101000000000000000000001 7 2 3 31 43 4 73 13 37
10110010101000000000000000000001 3 5 29 9 277 11 7 349 23
11101010101000000000000000000001 5 2 17 4 13 10 37 8 101
10011010101000000000000000000001 3 7 11 21 31 5 19 73 13
10000110101000000000000000000001 5 2 3 13 17 6 25 7 37
11010110101000000000000000000001 3 2 5 4 7 8 9 10 11
11110110101000000000000000000001 7 13 3 31 43 9 73 91 37
10001110101000000000000000000001 3 3011 8329 9 23 13 7 149 71
10101110101000000000000000000001 5 2 17 4 37 10 13 8 29
10111110101000000000000000000001 3 7 9 21 31 19 57 11 13
11111110101000000000000000000001 5 2 17 13 37 10 65 31 101
11000001101000000000000000000001 3 2 5 6 7 4 9 10 11
10100001101000000000000000000001 29 2 3 11 17 6 37 23 7
10010001101000000000000000000001 3 2 5 6 7 4 9 10 11
11010001101000000000000000000001 5 7 509 2239 79 13 11 17 49
11110001101000000000000000000001 3 2 5 4 7 8 9 10 11
11011001101000000000000000000001 3 2 5 4 7 8 9 10 11
10000101101000000000000000000001 3 2 5 6 7 4 9 10 11
11100101101000000000000000000001 3 2 5 4 7 8 9 10 11
10110101101000000000000000000001 3 2 5 4 7 8 9 10 11
11001101101000000000000000000001 3 2 5 4 7 8 9 10 11
10011101101000000000000000000001 3 2 5 4 7 8 9 10 11
11111101101000000000000000000001 3 2 5 6 7 4 9 10 11
11010011101000000000000000000001 3 2 5 4 7 8 9 10 11
11000111101000000000000000000001 3 2 5 4 7 8 9 10 11
10010111101000000000000000000001 3 2 5 4 7 8 9 10 11
10110111101000000000000000000001 7 5 3 19 13 9 47 37 57
11110111101000000000000000000001 3 2 5 6 7 4 9 10 11
11101111101000000000000000000001 5 2 17 7 11 10 13 14 101
11011111101000000000000000000001 3 2 5 6 7 4 9 10 11
10000000011000000000000000000001 3 2 5 4 7 8 9 10 11
11100000011000000000000000000001 3 2 5 6 7 4 9 10 11
11010000011000000000000000000001 5 2 3 13 37 6 65 41 101
10110000011000000000000000000001 3 2 5 6 7 4 9 10 11
11001000011000000000000000000001 3 2 5 6 7 4 9 10 11
10101000011000000000000000000001 5 2 3 13 17 6 65 41 101
10011000011000000000000000000001 3 2 5 6 7 4 9 10 11
11111000011000000000000000000001 3 2 5 4 7 8 9 10 11
10100100011000000000000000000001 3 2 5 6 7 4 9 10 11
10010100011000000000000000000001 5 2 3 13 19 6 25 41 101
11010100011000000000000000000001 3 7 13 21 31 43 19 73 17
10001100011000000000000000000001 3 2 5 6 7 4 9 10 11
11101100011000000000000000000001 3 2 5 4 7 8 9 10 11
11011100011000000000000000000001 7 2 11 4 107 23 101 8 71
10111100011000000000000000000001 3 2 5 4 7 8 9 10 11
11111100011000000000000000000001 67 37 3 23 53 4013 11 89 9
11000010011000000000000000000001 3 2 5 6 7 4 9 10 11
10010010011000000000000000000001 3 2 5 6 7 4 9 10 11
11110010011000000000000000000001 3 2 5 4 7 8 9 10 11
10001010011000000000000000000001 5 2 3 13 37 6 53 23 59
10101010011000000000000000000001 3 7 13 21 31 11 19 71 91
11011010011000000000000000000001 3 2 5 4 7 8 9 10 11
10000110011000000000000000000001 3 2 5 6 7 4 9 10 11
11100110011000000000000000000001 3 2 5 4 7 8 9 10 11
10110110011000000000000000000001 3 2 5 4 7 8 9 10 11
11001110011000000000000000000001 3 2 5 4 7 8 9 10 11
10011110011000000000000000000001 3 2 5 4 7 8 9 10 11
11111110011000000000000000000001 3 2 5 6 7 4 9 10 11
11000001011000000000000000000001 5 2 3 13 37 6 17 19 101
10100001011000000000000000000001 3 2 5 6 7 4 9 10 11
10001001011000000000000000000001 3 2 5 6 7 4 9 10 11
11101001011000000000000000000001 3 2 5 4 7 8 9 10 11
10111001011000000000000000000001 3 2 5 4 7 8 9 10 11
10000101011000000000000000000001 5 2 3 13 37 6 11 41 101
11100101011000000000000000000001 191 2 1373 4 11 61 761 8 43
10010101011000000000000000000001 3 7 13 21 31 43 19 73 91
11010101011000000000000000000001 5 2 17 4 37 10 13 7 19
10110101011000000000000000000001 19 2 11 4 13 22 17 8 59
10101101011000000000000000000001 3 2 5 4 7 8 9 10 11
11011101011000000000000000000001 3 7 13 21 19 43 57 73 9
11111101011000000000000000000001 5 2 7 13 25 10 59 41 101
10000011011000000000000000000001 3 2 5 6 7 4 9 10 11
10100011011000000000000000000001 5 31 2111 11 13 29 7 113 139
11100011011000000000000000000001 3 2 5 4 7 8 9 10 11
10110011011000000000000000000001 3 2 5 4 7 8 9 10 11
11110011011000000000000000000001 5 7 3 73 659 9 409 467 21
11001011011000000000000000000001 3 2 5 4 7 8 9 10 11
11101011011000000000000000000001 571 19 3 23 53 73 31 29 9
10011011011000000000000000000001 3 2 5 4 7 8 9 10 11
11111011011000000000000000000001 3 2 5 6 7 4 9 10 11
11000111011000000000000000000001 7 2 1039 4 139 29 11 8 47
10100111011000000000000000000001 3 2 5 4 7 8 9 10 11
11100111011000000000000000000001 13 5 3 7 19 17 25 11 9
11110111011000000000000000000001 43 2 53 19 5 11 23 6469 17
10001111011000000000000000000001 3 2 5 4 7 8 9 10 11
11101111011000000000000000000001 3 2 5 6 7 4 9 10 11
11011111011000000000000000000001 5 2 17 13 37 10 65 41 101
10111111011000000000000000000001 3 2 5 6 7 4 9 10 11
11000000111000000000000000000001 3 2 5 6 7 4 9 10 11
10100000111000000000000000000001 5 2 3 13 19 6 65 7 37
10010000111000000000000000000001 3 2 5 6 7 4 9 10 11
11110000111000000000000000000001 3 2 5 4 7 8 9 10 11
11011000111000000000000000000001 3 2 5 4 7 8 9 10 11
10111000111000000000000000000001 11 2 857 4 1229 349 199 8 19
10000100111000000000000000000001 3 2 5 6 7 4 9 10 11
11100100111000000000000000000001 3 2 5 4 7 8 9 10 11
10110100111000000000000000000001 3 2 5 4 7 8 9 10 11
11110100111000000000000000000001 7 13 3 31 23 9 73 11 37
11001100111000000000000000000001 3 2 5 4 7 8 9 10 11
10011100111000000000000000000001 3 2 5 4 7 8 9 10 11
10111100111000000000000000000001 7 13 3 31 43 9 73 91 37
11111100111000000000000000000001 3 2 5 6 7 4 9 10 11
10000010111000000000000000000001 5 2 3 13 11 6 65 41 101
11010010111000000000000000000001 3 2 5 4 7 8 9 10 11
10001010111000000000000000000001 3 7 13 11 31 43 19 73 23
10101010111000000000000000000001 5 2 17 4 37 10 13 8 101
11111010111000000000000000000001 5 2 17 13 37 10 65 41 43
11000110111000000000000000000001 3 2 5 4 7 8 9 10 11
11100110111000000000000000000001 5 13 3 29 43 9 23 7 37
10010110111000000000000000000001 3 2 5 4 7 8 9 10 11
11110110111000000000000000000001 3 2 5 6 7 4 9 10 11
10101110111000000000000000000001 3 7 9 21 31 19 57 13 37
11011110111000000000000000000001 3 2 5 6 7 4 9 10 11
10111110111000000000000000000001 5 2 17 13 37 10 65 41 101
10000001111000000000000000000001 3 2 5 6 7 4 9 10 11
11100001111000000000000000000001 3 2 5 4 7 8 9 10 11
10110001111000000000000000000001 3 2 5 4 7 8 9 10 11
11001001111000000000000000000001 3 2 5 4 7 8 9 10 11
10011001111000000000000000000001 3 2 5 4 7 8 9 10 11
11011001111000000000000000000001 11 5 3 4649 29 251 55 47 9
11111001111000000000000000000001 3 2 5 6 7 4 9 10 11
10000101111000000000000000000001 13 359 29 4987 277 23 7 9511 17
10100101111000000000000000000001 3 2 5 4 7 8 9 10 11
11100101111000000000000000000001 1657 7 3 883 229 499 37 19 9
10110101111000000000000000000001 7 13 3 31 43 9 61 91 37
11110101111000000000000000000001 5 2 17 7 11 10 13 23 101
10001101111000000000000000000001 3 2 5 4 7 8 9 10 11
11101101111000000000000000000001 3 2 5 6 7 4 9 10 11
10111101111000000000000000000001 3 2 5 6 7 4 9 10 11
11000011111000000000000000000001 3 2 5 4 7 8 9 10 11
10010011111000000000000000000001 3 2 5 4 7 8 9 10 11
11110011111000000000000000000001 3 2 5 6 7 4 9 10 11
11101011111000000000000000000001 5 2 7 13 37 10 17 41 101
11011011111000000000000000000001 3 2 5 6 7 4 9 10 11
10111011111000000000000000000001 31 2 11 22 5 2801 151 61 41
10000111111000000000000000000001 3 2 5 4 7 8 9 10 11
10100111111000000000000000000001 7 11 3 31 17 9 73 13 37
11100111111000000000000000000001 3 2 5 6 7 4 9 10 11
11010111111000000000000000000001 5 2 17 13 29 10 11 41 101
10110111111000000000000000000001 3 2 5 6 7 4 9 10 11
11001111111000000000000000000001 3 2 5 6 7 4 9 10 11
10101111111000000000000000000001 5 2 17 13 25 10 65 41 101
10011111111000000000000000000001 3 2 5 6 7 4 9 10 11
11111111111000000000000000000001 3 2 5 4 7 6 9 10 11
10000000000100000000000000000001 5 13 3 31 43 15 59 7 17
11000000000100000000000000000001 19 2 271 4 17 3803 11 38 7
10100000000100000000000000000001 3 2 5 4 7 8 9 10 11
11010000000100000000000000000001 3 11 61 9 5 1087 4013 71 1399
11110000000100000000000000000001 7 2 3 31 43 6 73 13 23
10001000000100000000000000000001 3 2 5 4 7 8 9 10 11
11101000000100000000000000000001 3 2 5 6 7 4 9 10 11
10111000000100000000000000000001 3 2 5 6 7 4 9 10 11
11100100000100000000000000000001 5 2 3 11 37 6 13 41 7
11010100000100000000000000000001 7 2 3 31 43 4 47 13 37
11001100000100000000000000000001 17 2 3 7 11 6 29 34 41
10101100000100000000000000000001 3 2 5 6 7 4 9 10 11
10011100000100000000000000000001 7 2 3 31 43 6 73 13 37
10000010000100000000000000000001 3 2 5 4 7 8 9 10 11
11100010000100000000000000000001 3 2 5 6 7 4 9 10 11
10010010000100000000000000000001 13 11 241 557 5 181 37 227 9901
10110010000100000000000000000001 3 2 5 6 7 4 9 10 11
11001010000100000000000000000001 3 2 5 6 7 4 9 10 11
10101010000100000000000000000001 7 2 3 31 17 6 73 13 37
10011010000100000000000000000001 3 2 5 6 7 4 9 10 11
11111010000100000000000000000001 3 2 5 4 7 8 9 10 11
11000110000100000000000000000001 5 2 3 13 37 6 65 7 17
10100110000100000000000000000001 3 2 5 6 7 4 9 10 11
11100110000100000000000000000001 19 1093 13 71 2063 29 7 31 23
10001110000100000000000000000001 3 2 5 6 7 4 9 10 11
11101110000100000000000000000001 3 2 5 4 7 8 9 10 11
10111110000100000000000000000001 3 2 5 4 7 8 9 10 11
11111110000100000000000000000001 7 13 3 31 43 9 61 49 37
10110001000100000000000000000001 7 2 3 31 41 6 61 13 37
10101001000100000000000000000001 3 2 5 6 7 4 9 10 11
10011001000100000000000000000001 5 2 3 313 61 6 17 34 19
11111001000100000000000000000001 19 2 43 4 103 191 5 8 17
10010101000100000000000000000001 7 2 3 31 43 4 5 13 37
11101101000100000000000000000001 13 2 7 4 11 37 227 8 449
11011101000100000000000000000001 17 2 23 4 1087 46 71 8 73
10100011000100000000000000000001 3 2 5 6 7 4 9 10 11
10010011000100000000000000000001 11 2 3 4447 79 6 31 62 7
11010011000100000000000000000001 3 43 241 11 13 181 7 2963 613
10001011000100000000000000000001 3 2 5 6 7 4 9 10 11
11101011000100000000000000000001 3 2 5 4 7 8 9 10 11
10111011000100000000000000000001 3 2 5 4 7 8 9 10 11
10000111000100000000000000000001 7 2 3 11 43 6 73 13 37
11010111000100000000000000000001 1789 2 13 4 61 337 11 8 23
11110111000100000000000000000001 3 5 7 31 43 9 15 13 37
10101111000100000000000000000001 3 2 5 4 7 8 9 10 11
10111111000100000000000000000001 7 13 3 31 43 9 73 91 37
11111111000100000000000000000001 17 2 19 61 5 13 241 34 7
10000000100100000000000000000001 3 2 5 4 7 8 9 10 11
11100000100100000000000000000001 3 2 5 6 7 4 9 10 11
11010000100100000000000000000001 7 2 3 31 23 6 11 13 19
10110000100100000000000000000001 3 2 5 6 7 4 9 10 11
11001000100100000000000000000001 3 2 5 6 7 4 9 10 11
10011000100100000000000000000001 3 2 5 6 7 4 9 10 11
11111000100100000000000000000001 3 2 5 4 7 8 9 10 11
10100100100100000000000000000001 3 2 5 6 7 4 9 10 11
11100100100100000000000000000001 31 37 7 59 1307 101 8753 19 277
10001100100100000000000000000001 3 2 5 6 7 4 9 10 11
11001100100100000000000000000001 13 31 191 23 17 11 7 29 1889
11101100100100000000000000000001 3 2 5 4 7 8 9 10 11
11011100100100000000000000000001 5 2 31 4 11 10 179 8 1097
10111100100100000000000000000001 3 2 5 4 7 8 9 10 11
11000010100100000000000000000001 3 2 5 6 7 4 9 10 11
11100010100100000000000000000001 103 29 4969 11 23 37 7 1409 13
10010010100100000000000000000001 3 2 5 6 7 4 9 10 11
10110010100100000000000000000001 13 73 241 601 97 17 7 31 41
11110010100100000000000000000001 3 2 5 4 7 8 9 10 11
10001010100100000000000000000001 7 2 3 31 11 6 29 13 37
11101010100100000000000000000001 2141 2 5651 4 29 58 157 8 17
11011010100100000000000000000001 3 2 5 4 7 8 9 10 11
11111010100100000000000000000001 5 13 3 29 43 9 73 7 37
10000110100100000000000000000001 3 2 5 6 7 4 9 10 11
11100110100100000000000000000001 3 2 5 4 7 8 9 10 11
10110110100100000000000000000001 3 2 5 4 7 8 9 10 11
11001110100100000000000000000001 3 2 5 4 7 8 9 10 11
10011110100100000000000000000001 3 2 5 4 7 8 9 10 11
11011110100100000000000000000001 7 5 3 31 43 9 73 13 37
10111110100100000000000000000001 5 107 3 11 19 15 163 7369 9
11111110100100000000000000000001 3 2 5 6 7 4 9 10 11
