Case #1:
1000000000000001 3 2 5 6 7 4 9 10 11
1110000000000001 3 2 5 4 7 8 9 10 11
1011000000000001 3 2 5 4 7 8 9 10 11
1100100000000001 3 2 5 4 7 8 9 10 11
1001100000000001 3 2 5 4 7 8 9 10 11
1111100000000001 3 2 5 6 7 4 9 10 11
1010010000000001 3 2 5 4 7 8 9 10 11
1101010000000001 3 7 11 21 5 23 19 73 13
1111010000000001 5 2 3 13 17 6 47 41 79
1000110000000001 3 2 5 4 7 8 9 10 11
1110110000000001 3 2 5 6 7 4 9 10 11
1101110000000001 17 2 3 313 29 6 11 34 23
1011110000000001 3 2 5 6 7 4 9 10 11
1100001000000001 3 2 5 4 7 8 9 10 11
1010001000000001 67 2 7 4 2083 47 557 19 107
1001001000000001 3 2 5 4 7 8 9 10 11
1111001000000001 3 2 5 6 7 4 9 10 11
1000101000000001 7 2 59 4 73 2213 137 14 1163
1010101000000001 3 7 13 17 5 43 19 73 49
1110101000000001 5 2 3 13 37 6 65 41 101
1101101000000001 3 2 5 6 7 4 9 10 11
1011101000000001 17 2 3 23 1297 6 241 34 73
1000011000000001 3 2 5 4 7 8 9 10 11
1110011000000001 3 2 5 6 7 4 9 10 11
1101011000000001 5 2 3 13 37 6 25 41 101
1011011000000001 3 2 5 6 7 4 9 10 11
1100111000000001 3 2 5 6 7 4 9 10 11
1010111000000001 5 2 3 13 37 6 11 41 101
1001111000000001 3 2 5 6 7 4 9 10 11
1111111000000001 3 2 5 4 7 8 9 10 11
1010000100000001 3 2 5 4 7 8 9 10 11
1000100100000001 3 2 5 4 7 8 9 10 11
1110100100000001 3 2 5 6 7 4 9 10 11
1101100100000001 73 2 3 19 11 6 2969 23 2347
1011100100000001 3 2 5 6 7 4 9 10 11
1000010100000001 79 2 89 4 349 13 107 17 359
1110010100000001 5 2 3 13 37 6 65 7 101
1001010100000001 3 7 13 21 5 43 19 73 91
1111010100000001 3 263 31 1303 431 17 7 43 131
1010110100000001 3 2 5 6 7 4 9 10 11
1101110100000001 3 5 13 7 31 43 15 73 91
1000001100000001 3 2 5 4 7 8 9 10 11
1110001100000001 3 2 5 6 7 4 9 10 11
1011001100000001 3 2 5 6 7 4 9 10 11
1100101100000001 3 2 5 6 7 4 9 10 11
1001101100000001 3 2 5 6 7 4 9 10 11
1111101100000001 3 2 5 4 7 8 9 10 11
1100011100000001 5 2 3 13 37 6 65 41 7
1010011100000001 3 2 5 6 7 4 9 10 11
1000111100000001 3 2 5 6 7 4 9 10 11
