73
20
1 1
4937 4937
4970 4970
4972 4972
4984 4984
4985 4985
4987 4987
4988 4988
4989 4989
4990 4990
4991 4991
4992 4992
4993 4993
4994 4994
4995 4995
4996 4996
4997 4997
4998 4998
4999 4999
5000 5000
5001 5001
5001 1
2348 2654
1370 3632
121 4881
24 4978
21 4981
20 4982
14 4988
13 4989
12 4990
11 4991
10 4992
9 4993
8 4994
7 4995
6 4996
5 4997
4 4998
3 4999
2 5000
1 5001
20
1 1
1 4560
1 4566
1 4786
1 4830
1 4889
1 4924
1 4942
1 4980
1 4984
1 4986
1 4991
1 4992
1 4994
1 4995
1 4996
1 4997
1 4998
1 4999
1 5000
1 5001
5002 1
5002 1277
5002 1279
5002 3791
5002 4594
5002 4903
5002 4919
5002 4959
5002 4960
5002 4983
5002 4984
5002 4991
5002 4993
5002 4994
5002 4995
5002 4996
5002 4997
5002 4998
5002 4999
5002 5000
5002 5001
13
111891 353409
111891 1261087
95726 1277252
101277 1282803
136488 1318014
136488 1310098
121920 1295530
121920 1303459
126400 1303459
125944 1303003
125921 1303003
125921 1303021
125925 1303025
125926 1303025
446713 234891
644999 433177
608984 469192
608984 377787
608984 411081
888740 131325
1097337 339922
956558 199143
944813 210888
944757 210944
944757 210893
944757 210899
944757 210903
944751 210909
20
385033 907529
188914 907529
143855 862470
418599 587726
418599 422558
304646 308605
161199 165158
197021 165158
204019 165158
217089 178228
217089 182603
217477 182215
217477 182680
217477 182349
217436 182390
217424 182378
217421 182375
217421 182373
217422 182374
217423 182375
217424 182374
961761 332222
961761 1000412
864353 1097820
781540 1180633
676701 1180633
712447 1216379
702873 1216379
702873 1214968
702871 1214970
702868 1214973
702865 1214976
702865 1214978
702864 1214978
702864 1214979
702865 1214979
702865 1214978
702866 1214977
702865 1214976
702864 1214977
702864 1214978
702863 1214977
19
299878 318627
1066522 318627
1093884 291265
1048033 291265
1048033 361019
1048033 387144
1049499 385678
1016736 418441
1030123 405054
1040550 394627
1035488 399689
1036233 398944
1035942 398944
1035941 398943
1035894 398990
1035894 399045
1035894 399056
1035894 399054
1035897 399054
1035893 399058
563457 646965
563457 1642782
567470 1646795
567366 1646899
567366 1646893
567403 1646856
567405 1646854
567411 1646854
567409 1646854
567411 1646852
567412 1646852
567411 1646852
567409 1646854
567410 1646855
567410 1646854
567411 1646853
567410 1646854
567410 1646853
567411 1646854
567412 1646853
14
901017 502675
1508858 1110516
1712836 1314494
1665297 1266955
1656317 1257975
1654042 1255700
1650893 1252551
1694657 1296315
1694657 1318660
1658757 1354560
1650570 1346373
1640518 1356425
1645822 1351121
1645483 1351460
1645830 1351807
558005 139266
558005 237473
32322 763156
32322 1016182
106195 942309
138645 942309
145393 942309
137738 949964
140043 949964
140014 949964
140034 949944
140033 949944
140032 949943
140032 949942
140031 949941
16
2335 2139
4065 3869
4065 6945
4075 6945
4081 6945
4107 6971
4131 6971
4080 6920
4052 6920
4011 6879
4009 6879
4009 6880
4009 6881
4008 6880
4009 6879
4010 6878
4009 6879
3 977
1970 977
1488 495
1488 298
1103 683
2325 683
2114 683
2114 853
1989 978
2070 1059
2133 1059
2163 1059
2109 1005
2110 1004
2110 1014
2111 1013
2112 1014
20
1 1
1 3692
1 3987
1 4829
1 4901
1 4931
1 4940
1 4975
1 4977
1 4981
1 4987
1 4989
1 4990
1 4993
1 4995
1 4996
1 4997
1 4998
1 4999
1 5000
1 5001
5001 1
5001 840
5001 1690
5001 2520
5001 3416
5001 3610
5001 3984
5001 4476
5001 4840
5001 4964
5001 4980
5001 4989
5001 4993
5001 4994
5001 4995
5001 4996
5001 4997
5001 4998
5001 4999
5001 5000
5001 5001
8
3146 587
7342 587
8138 1383
8136 1383
8137 1384
8139 1384
8140 1383
8140 1384
8140 1383
846 2015
1528 2697
3384 841
5005 841
4250 1596
4250 1633
4223 1660
4233 1660
4245 1648
5
4619 2761
2391 2761
4287 2761
4287 2223
4012 2223
4075 2223
362 3658
3123 3658
3123 4521
3123 5291
2918 5291
3319 5291
3
837481 885258
600817 1121922
600817 981398
1223629 981398
311989 104816
311989 475201
660732 823944
941604 823944
6
544686 432374
465953 432374
754578 720999
610933 577354
244374 577354
141928 474908
121936 454916
155758 683361
1100094 683361
1100094 678158
1098350 678158
1109771 689579
1100253 699097
1128031 699097
13
1509 3003
1509 5076
1509 7157
1509 7911
1568 7852
1586 7870
1581 7865
1581 7866
1577 7866
1576 7866
1576 7865
1576 7866
1575 7866
1574 7866
2767 1138
2767 1800
2767 488
1408 488
48 1848
48 2072
91 2029
93 2029
92 2028
103 2028
81 2028
79 2030
79 2029
80 2030
1
2598 4743
2598 9743
4622 4206
9622 4206
11
3354 1101
6260 1101
4895 2466
5512 2466
5572 2526
5617 2526
5618 2526
5618 2528
5618 2529
5619 2529
5620 2528
5621 2529
3970 4373
4269 4373
8606 8710
8299 8710
8345 8664
8347 8664
8343 8664
8342 8664
8341 8665
8342 8666
8342 8667
8343 8667
2
609928 4508
961569 4508
313210 652867
688061 271895
286512 271895
884963 870346
19
171474 499515
543365 871406
524714 890057
946298 468473
920796 493975
860513 433692
823724 470481
758488 535717
758451 535717
758441 535727
758445 535723
758445 535721
758445 535719
758442 535719
758443 535719
758443 535718
758444 535717
758445 535716
758444 535715
758443 535714
839794 607915
596467 607915
596467 234401
464908 365960
363818 467050
221400 609468
219620 611248
219620 606999
219620 606905
217682 604967
217666 604951
217669 604951
217671 604953
217675 604957
217674 604958
217675 604959
217674 604959
217675 604959
217674 604958
217675 604957
19
665045 178994
665045 777195
303756 1138484
295345 1130073
310327 1115091
310327 1103745
315216 1103745
314378 1104583
314383 1104578
314385 1104578
314370 1104563
314358 1104563
314357 1104563
314358 1104564
314356 1104566
314358 1104564
314357 1104564
314358 1104563
314359 1104564
314358 1104564
776658 622858
682141 717375
682141 1060772
809576 1060772
384473 635669
381476 632672
384504 632672
384504 634326
383695 634326
384408 635039
384408 635156
384408 635213
384387 635234
384397 635224
384446 635224
384480 635258
384480 635301
384487 635301
384487 635308
384487 635306
12
3843 2926
8274 7357
8046 7129
7859 7129
7882 7129
7848 7095
7761 7182
7756 7177
7755 7177
7754 7177
7753 7176
7752 7177
7753 7176
349 1462
2415 1462
105 3772
422 3772
422 3735
161 3996
164 3993
163 3992
163 3991
162 3990
161 3991
160 3990
161 3991
6
872 4908
1452 4908
5165 8621
5112 8621
4829 8904
4911 8822
4622 8822
3715 2061
3715 829
5100 2214
4997 2111
4997 1316
4997 365
5531 365
5
582 1917
31 2468
1806 4243
1403 4646
3155 2894
2636 2894
72 1510
390 1192
4222 5024
3979 4781
4311 4781
4586 4781
7
777 2097
5153 2097
4691 1635
4561 1765
4564 1765
4564 1770
4571 1763
4588 1746
3358 1643
3987 2272
7195 2272
6514 2953
6369 2953
6207 2953
6271 2953
6382 2842
16
4150 2152
5385 2152
4593 2944
4593 711
4732 572
4978 572
5145 572
5320 572
5323 569
5323 566
5322 565
5321 565
5321 566
5321 567
5322 567
5323 568
5324 569
4619 609
4619 3669
6383 3669
6383 3665
6383 3569
6446 3506
6444 3508
6445 3508
6447 3506
6448 3506
6447 3506
6448 3507
6449 3508
6448 3509
6449 3510
6450 3511
6449 3510
18
3957 2309
4646 1620
4394 1620
1420 1620
1420 1426
662 2184
662 2269
625 2232
624 2233
623 2233
624 2233
625 2233
624 2234
624 2235
623 2234
622 2234
623 2233
623 2232
624 2233
4835 4305
4835 2679
6223 1291
6348 1291
7701 1291
7701 1101
7989 1101
8007 1101
8006 1100
8007 1101
8007 1102
8007 1104
8007 1103
8007 1104
8006 1105
8005 1105
8005 1106
8006 1106
8005 1106
11
3882 2720
1860 698
1860 2058
1860 1975
519 3316
653 3316
653 3315
600 3368
600 3371
600 3372
599 3373
598 3373
1584 2803
3385 4604
4485 4604
5077 5196
4404 5196
4930 5722
5208 5444
5212 5448
5211 5448
5211 5458
5211 5471
5211 5469
10
694641 653443
1174271 1133073
1653879 1612681
1641543 1600345
1658088 1600345
1665834 1592599
1665834 1589001
1665834 1589223
1665685 1589074
1665640 1589029
1665519 1588908
993683 147244
993683 793049
978090 793049
706548 521507
706548 495431
706548 480010
706548 457452
705453 457452
705089 457816
705315 458042
706635 458042
15
3332 4551
5486 4551
4005 6032
3803 6234
4756 5281
4737 5281
4737 5347
4697 5347
4670 5320
4670 5274
4674 5278
4678 5282
4679 5281
4679 5280
4680 5280
4681 5279
2758 2753
5487 2753
7476 2753
7476 2986
7480 2982
7451 2982
7453 2980
7448 2975
7449 2974
7451 2976
7451 2977
7452 2976
7453 2976
7454 2977
7454 2978
7455 2977
19
121621 369243
881157 369243
1005590 369243
1077326 369243
1057884 369243
1058141 369243
1065167 376269
1064509 376927
1070425 376927
1077327 376927
1076861 377393
1076946 377478
1076946 379808
1076946 379678
1077389 379235
1077389 379326
1077389 379440
1077186 379440
1077042 379440
1077130 379352
415527 894004
415527 1077231
415527 1131740
802373 744894
1117804 1060325
1117804 1059256
1117804 1082783
1117804 1092224
1135155 1092224
1135155 1099977
1135067 1100065
1135688 1100065
1135593 1099970
1135558 1099935
1135557 1099934
1135557 1099936
1135557 1099935
1135558 1099935
1135559 1099936
1135560 1099936
9
2731 3255
4174 4698
4478 4698
3885 5291
3885 7665
3885 7743
3885 7779
3885 7705
3971 7619
3983 7631
76 2683
1844 2683
1844 796
1743 695
1743 1355
1675 1287
1965 1577
2019 1577
1868 1577
1868 1556
6
420597 142979
386951 109333
380360 102742
304636 178466
304636 609811
172288 477463
172288 157117
655477 685615
1307680 33412
1382399 108131
1579944 108131
1516612 44799
1516612 35154
1514056 35154
7
278606 323921
292855 309672
292855 238508
1120763 238508
1195229 238508
1195229 241904
1191652 245481
1191652 240241
506370 816129
506370 265142
396938 374574
396938 465055
396938 557532
394948 557532
394948 430177
367670 457455
1
1 1
1 5
5 1
5 5
15
102695 673238
749083 673238
826582 595739
1023783 398538
1023783 411620
1043594 411620
1010845 444369
1020708 434506
1021974 434506
1021254 434506
1019910 434506
1019921 434495
1019940 434476
1019940 434499
1019918 434521
1019920 434519
192673 85944
2461 85944
741067 824550
741067 836614
777774 836614
769712 844676
756577 844676
756577 844863
756775 844665
756873 844665
757355 845147
757355 844976
757325 845006
757299 844980
757299 844977
757280 844958
14
2041 3251
5412 6622
5944 6622
6116 6450
6022 6544
6746 5820
6746 5877
6727 5877
6725 5875
6744 5856
6748 5852
6749 5851
6752 5848
6753 5847
6754 5846
2841 1846
3180 1846
5379 4045
5379 4115
5252 3988
6009 3988
5489 3988
6043 4542
6411 4542
6437 4516
6471 4550
6470 4551
6472 4551
6472 4550
6474 4548
5
647930 221418
647930 1016290
587034 1077186
485091 1077186
462912 1077186
483022 1057076
943567 815984
471320 343737
251622 343737
543209 52150
533325 42266
526741 35682
6
1531 2493
1531 6592
1764 6592
1776 6580
1805 6551
1805 7060
1687 6942
1828 250
2648 1070
1924 1794
788 658
54 1392
54 2096
936 2978
15
270769 924597
134186 924597
142893 924597
142893 434958
330831 247020
481649 247020
482887 245782
482887 254305
496074 254305
495279 253510
495279 255882
495225 255936
495274 255936
495207 255869
495207 255893
495201 255899
27218 26931
27218 877809
27218 1023964
25558 1023964
25558 1023602
25558 1023429
25262 1023429
25262 1023824
25188 1023898
25189 1023899
25188 1023898
25187 1023898
25186 1023898
25186 1023899
25187 1023898
25188 1023897
8
920455 60841
920455 973182
998438 1051165
998438 1050553
990285 1058706
990168 1058823
990320 1058823
990230 1058913
990782 1058361
927664 306466
324651 909479
443957 790173
432852 801278
270694 801278
270694 876309
285003 890618
293307 890618
286533 890618
14
203 3772
203 7759
345 7759
1072 7759
1091 7740
1004 7827
1004 7799
1001 7799
1000 7800
1001 7801
1001 7800
1001 7799
1002 7799
1002 7800
1002 7801
2983 4035
2744 3796
384 6156
307 6079
1761 7533
2352 6942
2352 7089
2397 7134
2411 7134
2432 7134
2415 7117
2421 7111
2421 7125
2421 7124
2435 7110
3
1 6
2 5
2 2
1 1
6 1
6 2
3 5
4 6
6
3214 4348
3813 4348
3746 4281
5048 5583
7475 5583
7412 5520
6870 4978
1198 4555
2613 3140
2613 3657
2824 3446
381 3446
93 3158
93 3032
10
379 1318
4702 5641
4391 5641
4387 5641
4591 5641
4729 5641
4729 5635
4732 5635
4737 5635
4735 5635
4735 5631
3805 4740
8538 9473
8538 9642
8538 9694
8549 9683
8524 9708
8520 9708
8518 9708
8518 9709
8520 9707
8521 9708
1
1 1
1 5
6 1
6 5
14
4065 1630
8859 6424
8859 6359
8850 6350
8961 6350
8961 6344
8963 6344
8961 6344
8961 6342
8961 6345
8959 6347
8960 6346
8961 6346
8960 6345
8961 6344
2878 1523
4525 3170
4824 3170
4683 3029
4683 816
4683 309
4683 475
4676 475
4664 487
4667 487
4666 488
4665 488
4664 489
4665 489
4664 490
11
4802 2404
259 6947
560 7248
560 7138
560 7132
560 7100
560 7103
559 7103
558 7103
558 7104
558 7103
559 7103
3841 3457
7059 3457
6833 3231
6833 3546
5882 3546
6150 3278
6153 3275
6163 3275
6165 3273
6168 3270
6166 3268
6164 3268
1
950333 371599
950333 1371599
576866 301431
1576866 301431
13
331234 16079
17180 330133
334759 647712
334759 383831
327383 391207
268957 391207
304162 426412
304127 426377
304127 429563
303878 429812
303881 429812
303881 429809
303880 429808
303882 429808
237706 884325
237706 1034315
76475 1034315
698137 1655977
716186 1655977
736621 1655977
736621 1635454
736621 1637490
738120 1637490
739798 1637490
739798 1635988
738662 1637124
738662 1637204
738483 1637204
13
2027 3445
2027 7214
2276 6965
2106 6795
2786 6795
2699 6708
2736 6671
2734 6673
2733 6674
2734 6673
2735 6673
2734 6674
2733 6674
2734 6674
355 2565
355 3669
1689 5003
1689 3090
1689 2488
1689 2463
1698 2472
1692 2478
1694 2480
1694 2479
1695 2479
1696 2480
1697 2479
1696 2479
18
2137 2020
5134 2020
4267 2020
3892 2395
3892 2394
3741 2394
3944 2191
3649 2191
3649 2180
3620 2180
3620 2176
3578 2176
3584 2176
3589 2171
3580 2180
3578 2180
3578 2181
3577 2180
3577 2179
1900 4915
1900 4787
6288 399
6188 299
6271 382
6013 382
6004 391
6004 407
6012 399
6012 400
6011 400
6010 399
6009 399
6009 400
6010 399
6009 399
6010 399
6009 399
6009 398
20
1 1000001
1 273708
1 188855
1 180225
1 38318
1 12182
1 4263
1 3270
1 171
1 69
1 19
1 17
1 13
1 11
1 8
1 6
1 5
1 4
1 3
1 2
1 1
2 1
2 495459
2 967434
2 980410
2 991756
2 995166
2 997827
2 999418
2 999906
2 999907
2 999931
2 999974
2 999991
2 999992
2 999995
2 999996
2 999997
2 999998
2 999999
2 1000000
2 1000001
20
721200 24122
602634 142688
11845 142688
95201 226044
94639 226606
251222 226606
217707 260121
217707 267225
226705 258227
227188 258710
227194 258710
227187 258717
227164 258694
227163 258694
227164 258695
227163 258695
227162 258694
227161 258695
227162 258695
227161 258696
227160 258695
132398 245014
132398 442893
132398 247353
424519 247353
415875 255997
326637 255997
308896 238256
308896 93033
335235 66694
345944 66694
349796 70546
349796 79547
347968 77719
349650 76037
349522 76165
349530 76157
349485 76157
349485 76165
349485 76175
349485 76176
349482 76173
20
926135 132737
1815666 1022268
1897647 1104249
1897647 1132447
1897811 1132447
1897879 1132379
1897873 1132385
1897892 1132404
1897881 1132393
1897892 1132404
1897891 1132403
1897892 1132404
1897891 1132403
1897891 1132404
1897891 1132403
1897890 1132404
1897891 1132404
1897892 1132403
1897892 1132402
1897892 1132401
1897893 1132400
28307 473500
510741 955934
510741 1136672
343326 1136672
344939 1138285
369099 1114125
378344 1114125
378344 1210945
406246 1210945
410888 1206303
410888 1209192
411384 1208696
412661 1208696
412598 1208759
412598 1208774
412410 1208774
412410 1208826
412402 1208834
412433 1208834
412434 1208834
412423 1208823
17
2392 2910
123 641
668 1186
668 29
964 29
1622 687
1622 633
1632 633
1633 634
1633 635
1635 633
1636 634
1635 634
1636 633
1637 632
1636 632
1637 633
1638 633
4229 2254
7636 5661
7636 4687
7667 4687
7934 4954
7797 5091
7923 5091
7875 5139
7874 5139
7875 5139
7875 5138
7874 5139
7875 5138
7875 5137
7876 5138
7876 5139
7875 5140
7876 5139
19
232912 242421
232912 40314
121598 151628
274214 151628
507277 151628
389321 151628
389321 237383
411869 237383
372693 276559
366144 270010
383133 253021
383133 247551
384913 249331
381721 246139
382929 247347
382929 247384
383070 247384
383132 247384
383152 247384
383135 247367
387777 101315
167175 101315
167175 260054
644540 260054
622067 282527
682992 343452
638720 299180
650107 299180
646974 296047
646697 296047
646107 296637
646181 296637
646187 296643
646037 296643
646039 296641
646040 296642
646041 296641
646042 296641
646043 296642
646043 296643
7
793848 692220
1165050 321018
1165050 680854
1165050 587063
1273431 695444
1266948 688961
1310993 733006
1310993 716744
893116 291445
1559605 957934
1782019 735520
1844016 673523
1853924 663615
1853924 690204
1853635 690204
1853635 702518
20
1 1
1 78305
1 699956
1 819288
1 995930
1 998938
1 999887
1 999900
1 999948
1 999950
1 999976
1 999979
1 999981
1 999993
1 999995
1 999996
1 999997
1 999998
1 999999
1 1000000
1 1000001
1000002 1
1000002 138407
1000002 276128
1000002 327261
1000002 746929
1000002 805280
1000002 886705
1000002 913112
1000002 921097
1000002 942514
1000002 965682
1000002 974928
1000002 991786
1000002 999560
1000002 999740
1000002 999871
1000002 999995
1000002 999998
1000002 999999
1000002 1000000
1000002 1000001
18
614150 447197
1322025 447197
1566770 447197
1566770 409305
1566770 415966
1565815 415966
1564581 415966
1564581 416560
1564581 416559
1564581 416581
1564574 416588
1564570 416588
1564570 416591
1564572 416593
1564571 416592
1564571 416593
1564570 416592
1564571 416593
1564570 416594
607743 503269
693391 503269
253293 943367
127527 943367
182211 888683
182211 1126522
163830 1108141
200506 1144817
200506 1144655
200476 1144685
200476 1144875
200856 1145255
200856 1145345
200841 1145360
200853 1145348
200848 1145348
200847 1145349
200835 1145361
200835 1145350
8
4255 986
1162 4079
967 3884
2150 2701
2150 3060
2262 3172
2237 3147
2256 3166
2270 3152
2058 133
6417 133
6787 503
6677 613
6621 669
6715 763
6717 763
6722 768
6726 768
1
491 1486
491 6486
4870 4095
9870 9095
3
4533 3256
1380 103
2300 103
1373 1030
3785 1729
7053 1729
6441 1117
5321 2237
20
1 5001
1 3752
1 3330
1 1052
1 397
1 376
1 197
1 152
1 136
1 25
1 17
1 13
1 10
1 8
1 7
1 6
1 5
1 4
1 3
1 2
1 1
2 1
2 978
2 2638
2 2649
2 3685
2 4246
2 4542
2 4889
2 4978
2 4989
2 4990
2 4991
2 4993
2 4994
2 4995
2 4996
2 4997
2 4998
2 4999
2 5000
2 5001
14
909115 311174
1009552 311174
1009552 143006
890798 261760
923813 261760
869145 261760
996231 388846
996231 133131
938653 190709
942065 190709
942065 117739
936139 117739
934149 117739
933878 118010
933868 118000
12479 750855
12479 1695810
12479 1680418
3881 1689016
3978 1688919
14436 1688919
27578 1675777
33898 1669457
33382 1669973
33389 1669980
33389 1670377
33389 1670313
33389 1670293
33413 1670293
33423 1670283
3
474252 199799
1164507 199799
1363490 199799
1252728 310561
49038 415061
49038 729704
202919 729704
202919 198228
20
1 1
1 583144
1 905353
1 983317
1 999080
1 999539
1 999884
1 999948
1 999967
1 999972
1 999981
1 999983
1 999986
1 999990
1 999993
1 999994
1 999997
1 999998
1 999999
1 1000000
1 1000001
1000001 1
1000001 76901
1000001 875399
1000001 897474
1000001 904347
1000001 951740
1000001 963958
1000001 979538
1000001 994838
1000001 999069
1000001 999187
1000001 999683
1000001 999878
1000001 999917
1000001 999983
1000001 999986
1000001 999989
1000001 999994
1000001 999997
1000001 999998
1000001 1000001
1
277939 175178
277939 1175178
248759 246036
248759 1246036
20
1 1
34976 34976
683907 683907
792150 792150
902590 902590
980605 980605
985840 985840
993187 993187
993316 993316
994415 994415
995530 995530
995560 995560
998751 998751
999967 999967
999988 999988
999990 999990
999992 999992
999994 999994
999998 999998
999999 999999
1000001 1000001
1000001 1
730725 269277
473935 526067
235013 764989
160116 839886
134450 865552
592 999410
183 999819
40 999962
12 999990
11 999991
10 999992
9 999993
8 999994
7 999995
6 999996
5 999997
4 999998
3 999999
2 1000000
1 1000001
5
205955 320262
205955 908022
104034 908022
80475 931581
4310 931581
4310 720986
402710 61249
236934 61249
426737 251052
407159 251052
351289 306922
920262 306922
19
3155 2160
5092 4097
4792 4097
4389 4097
6641 1845
6565 1845
6574 1845
6574 1851
6577 1854
6580 1854
6581 1855
6582 1854
6582 1855
6584 1853
6583 1852
6583 1853
6582 1853
6583 1853
6583 1852
6582 1853
567 1543
567 5050
1498 5050
1795 5347
1713 5265
1738 5265
1735 5268
1865 5398
1864 5399
1863 5398
1863 5391
1861 5393
1858 5390
1861 5387
1862 5388
1863 5388
1860 5388
1861 5388
1860 5387
1861 5386
14
39 4817
39 4621
6 4654
6 9031
34 9031
256 9031
217 8992
217 9073
233 9057
231 9057
230 9058
232 9060
233 9061
234 9061
234 9062
4005 3140
4544 3140
3480 3140
391 6229
391 6297
373 6297
565 6105
554 6105
546 6113
541 6108
542 6109
544 6107
545 6107
544 6107
544 6108
20
1 1
250 250
1887 1887
2351 2351
2376 2376
2447 2447
2456 2456
2462 2462
2484 2484
2486 2486
2490 2490
2492 2492
2493 2493
2494 2494
2495 2495
2496 2496
2497 2497
2498 2498
2499 2499
2500 2500
2501 2501
5001 5001
2779 2779
2570 2570
2547 2547
2532 2532
2516 2516
2515 2515
2514 2514
2513 2513
2512 2512
2511 2511
2510 2510
2509 2509
2508 2508
2507 2507
2506 2506
2505 2505
2504 2504
2503 2503
2502 2502
2501 2501
9
965848 576616
940673 551441
1458892 551441
1202948 807385
1080518 929815
1076913 933420
1120438 976945
1145770 951613
1143493 953890
1146986 950397
380130 98276
297970 16116
778837 16116
945883 183162
945883 360745
889980 416648
889980 401993
890328 401645
890328 407102
874347 391121
20
1 1
389659 389659
401062 401062
451889 451889
490582 490582
491994 491994
498370 498370
498865 498865
499280 499280
499829 499829
499901 499901
499922 499922
499974 499974
499978 499978
499993 499993
499994 499994
499995 499995
499996 499996
499997 499997
500000 500000
500001 500001
1000001 1000001
745248 745248
725659 725659
717046 717046
612058 612058
594249 594249
588805 588805
521232 521232
517350 517350
502063 502063
501210 501210
500782 500782
500275 500275
500033 500033
500013 500013
500012 500012
500011 500011
500006 500006
500004 500004
500003 500003
500001 500001
12
500442 252256
478694 274004
747808 543118
747808 80424
762225 94841
678941 178125
678941 229883
769781 229883
765565 229883
766308 229883
766328 229903
765442 230789
765162 231069
566435 920009
1073582 1427156
1531583 969155
1508038 969155
1508038 975575
1512152 971461
1511931 971240
1511931 971573
1512145 971573
1512144 971572
1512142 971572
1512142 971573
1512142 971574
