38
17
2392 2910
123 641
668 1186
668 29
964 29
1622 687
1622 633
1632 633
1633 634
1633 635
1635 633
1636 634
1635 634
1636 633
1637 632
1636 632
1637 633
1638 633
4229 2254
7636 5661
7636 4687
7667 4687
7934 4954
7797 5091
7923 5091
7875 5139
7874 5139
7875 5139
7875 5138
7874 5139
7875 5138
7875 5137
7876 5138
7876 5139
7875 5140
7876 5139
1
1 1
1 5
5 1
5 5
14
4065 1630
8859 6424
8859 6359
8850 6350
8961 6350
8961 6344
8963 6344
8961 6344
8961 6342
8961 6345
8959 6347
8960 6346
8961 6346
8960 6345
8961 6344
2878 1523
4525 3170
4824 3170
4683 3029
4683 816
4683 309
4683 475
4676 475
4664 487
4667 487
4666 488
4665 488
4664 489
4665 489
4664 490
18
2137 2020
5134 2020
4267 2020
3892 2395
3892 2394
3741 2394
3944 2191
3649 2191
3649 2180
3620 2180
3620 2176
3578 2176
3584 2176
3589 2171
3580 2180
3578 2180
3578 2181
3577 2180
3577 2179
1900 4915
1900 4787
6288 399
6188 299
6271 382
6013 382
6004 391
6004 407
6012 399
6012 400
6011 400
6010 399
6009 399
6009 400
6010 399
6009 399
6010 399
6009 399
6009 398
12
3843 2926
8274 7357
8046 7129
7859 7129
7882 7129
7848 7095
7761 7182
7756 7177
7755 7177
7754 7177
7753 7176
7752 7177
7753 7176
349 1462
2415 1462
105 3772
422 3772
422 3735
161 3996
164 3993
163 3992
163 3991
162 3990
161 3991
160 3990
161 3991
15
3332 4551
5486 4551
4005 6032
3803 6234
4756 5281
4737 5281
4737 5347
4697 5347
4670 5320
4670 5274
4674 5278
4678 5282
4679 5281
4679 5280
4680 5280
4681 5279
2758 2753
5487 2753
7476 2753
7476 2986
7480 2982
7451 2982
7453 2980
7448 2975
7449 2974
7451 2976
7451 2977
7452 2976
7453 2976
7454 2977
7454 2978
7455 2977
10
379 1318
4702 5641
4391 5641
4387 5641
4591 5641
4729 5641
4729 5635
4732 5635
4737 5635
4735 5635
4735 5631
3805 4740
8538 9473
8538 9642
8538 9694
8549 9683
8524 9708
8520 9708
8518 9708
8518 9709
8520 9707
8521 9708
11
3354 1101
6260 1101
4895 2466
5512 2466
5572 2526
5617 2526
5618 2526
5618 2528
5618 2529
5619 2529
5620 2528
5621 2529
3970 4373
4269 4373
8606 8710
8299 8710
8345 8664
8347 8664
8343 8664
8342 8664
8341 8665
8342 8666
8342 8667
8343 8667
14
203 3772
203 7759
345 7759
1072 7759
1091 7740
1004 7827
1004 7799
1001 7799
1000 7800
1001 7801
1001 7800
1001 7799
1002 7799
1002 7800
1002 7801
2983 4035
2744 3796
384 6156
307 6079
1761 7533
2352 6942
2352 7089
2397 7134
2411 7134
2432 7134
2415 7117
2421 7111
2421 7125
2421 7124
2435 7110
3
4533 3256
1380 103
2300 103
1373 1030
3785 1729
7053 1729
6441 1117
5321 2237
14
39 4817
39 4621
6 4654
6 9031
34 9031
256 9031
217 8992
217 9073
233 9057
231 9057
230 9058
232 9060
233 9061
234 9061
234 9062
4005 3140
4544 3140
3480 3140
391 6229
391 6297
373 6297
565 6105
554 6105
546 6113
541 6108
542 6109
544 6107
545 6107
544 6107
544 6108
1
1 1
1 5
6 1
6 5
11
4802 2404
259 6947
560 7248
560 7138
560 7132
560 7100
560 7103
559 7103
558 7103
558 7104
558 7103
559 7103
3841 3457
7059 3457
6833 3231
6833 3546
5882 3546
6150 3278
6153 3275
6163 3275
6165 3273
6168 3270
6166 3268
6164 3268
1
2598 4743
2598 9743
4622 4206
9622 4206
20
1 5001
1 3752
1 3330
1 1052
1 397
1 376
1 197
1 152
1 136
1 25
1 17
1 13
1 10
1 8
1 7
1 6
1 5
1 4
1 3
1 2
1 1
2 1
2 978
2 2638
2 2649
2 3685
2 4246
2 4542
2 4889
2 4978
2 4989
2 4990
2 4991
2 4993
2 4994
2 4995
2 4996
2 4997
2 4998
2 4999
2 5000
2 5001
14
2041 3251
5412 6622
5944 6622
6116 6450
6022 6544
6746 5820
6746 5877
6727 5877
6725 5875
6744 5856
6748 5852
6749 5851
6752 5848
6753 5847
6754 5846
2841 1846
3180 1846
5379 4045
5379 4115
5252 3988
6009 3988
5489 3988
6043 4542
6411 4542
6437 4516
6471 4550
6470 4551
6472 4551
6472 4550
6474 4548
6
1531 2493
1531 6592
1764 6592
1776 6580
1805 6551
1805 7060
1687 6942
1828 250
2648 1070
1924 1794
788 658
54 1392
54 2096
936 2978
7
777 2097
5153 2097
4691 1635
4561 1765
4564 1765
4564 1770
4571 1763
4588 1746
3358 1643
3987 2272
7195 2272
6514 2953
6369 2953
6207 2953
6271 2953
6382 2842
13
2027 3445
2027 7214
2276 6965
2106 6795
2786 6795
2699 6708
2736 6671
2734 6673
2733 6674
2734 6673
2735 6673
2734 6674
2733 6674
2734 6674
355 2565
355 3669
1689 5003
1689 3090
1689 2488
1689 2463
1698 2472
1692 2478
1694 2480
1694 2479
1695 2479
1696 2480
1697 2479
1696 2479
18
3957 2309
4646 1620
4394 1620
1420 1620
1420 1426
662 2184
662 2269
625 2232
624 2233
623 2233
624 2233
625 2233
624 2234
624 2235
623 2234
622 2234
623 2233
623 2232
624 2233
4835 4305
4835 2679
6223 1291
6348 1291
7701 1291
7701 1101
7989 1101
8007 1101
8006 1100
8007 1101
8007 1102
8007 1104
8007 1103
8007 1104
8006 1105
8005 1105
8005 1106
8006 1106
8005 1106
9
2731 3255
4174 4698
4478 4698
3885 5291
3885 7665
3885 7743
3885 7779
3885 7705
3971 7619
3983 7631
76 2683
1844 2683
1844 796
1743 695
1743 1355
1675 1287
1965 1577
2019 1577
1868 1577
1868 1556
6
872 4908
1452 4908
5165 8621
5112 8621
4829 8904
4911 8822
4622 8822
3715 2061
3715 829
5100 2214
4997 2111
4997 1316
4997 365
5531 365
20
1 1
250 250
1887 1887
2351 2351
2376 2376
2447 2447
2456 2456
2462 2462
2484 2484
2486 2486
2490 2490
2492 2492
2493 2493
2494 2494
2495 2495
2496 2496
2497 2497
2498 2498
2499 2499
2500 2500
2501 2501
5001 5001
2779 2779
2570 2570
2547 2547
2532 2532
2516 2516
2515 2515
2514 2514
2513 2513
2512 2512
2511 2511
2510 2510
2509 2509
2508 2508
2507 2507
2506 2506
2505 2505
2504 2504
2503 2503
2502 2502
2501 2501
19
3155 2160
5092 4097
4792 4097
4389 4097
6641 1845
6565 1845
6574 1845
6574 1851
6577 1854
6580 1854
6581 1855
6582 1854
6582 1855
6584 1853
6583 1852
6583 1853
6582 1853
6583 1853
6583 1852
6582 1853
567 1543
567 5050
1498 5050
1795 5347
1713 5265
1738 5265
1735 5268
1865 5398
1864 5399
1863 5398
1863 5391
1861 5393
1858 5390
1861 5387
1862 5388
1863 5388
1860 5388
1861 5388
1860 5387
1861 5386
8
4255 986
1162 4079
967 3884
2150 2701
2150 3060
2262 3172
2237 3147
2256 3166
2270 3152
2058 133
6417 133
6787 503
6677 613
6621 669
6715 763
6717 763
6722 768
6726 768
11
3882 2720
1860 698
1860 2058
1860 1975
519 3316
653 3316
653 3315
600 3368
600 3371
600 3372
599 3373
598 3373
1584 2803
3385 4604
4485 4604
5077 5196
4404 5196
4930 5722
5208 5444
5212 5448
5211 5448
5211 5458
5211 5471
5211 5469
1
491 1486
491 6486
4870 4095
9870 9095
16
2335 2139
4065 3869
4065 6945
4075 6945
4081 6945
4107 6971
4131 6971
4080 6920
4052 6920
4011 6879
4009 6879
4009 6880
4009 6881
4008 6880
4009 6879
4010 6878
4009 6879
3 977
1970 977
1488 495
1488 298
1103 683
2325 683
2114 683
2114 853
1989 978
2070 1059
2133 1059
2163 1059
2109 1005
2110 1004
2110 1014
2111 1013
2112 1014
3
1 6
2 5
2 2
1 1
6 1
6 2
3 5
4 6
5
4619 2761
2391 2761
4287 2761
4287 2223
4012 2223
4075 2223
362 3658
3123 3658
3123 4521
3123 5291
2918 5291
3319 5291
5
582 1917
31 2468
1806 4243
1403 4646
3155 2894
2636 2894
72 1510
390 1192
4222 5024
3979 4781
4311 4781
4586 4781
20
1 1
1 4560
1 4566
1 4786
1 4830
1 4889
1 4924
1 4942
1 4980
1 4984
1 4986
1 4991
1 4992
1 4994
1 4995
1 4996
1 4997
1 4998
1 4999
1 5000
1 5001
5002 1
5002 1277
5002 1279
5002 3791
5002 4594
5002 4903
5002 4919
5002 4959
5002 4960
5002 4983
5002 4984
5002 4991
5002 4993
5002 4994
5002 4995
5002 4996
5002 4997
5002 4998
5002 4999
5002 5000
5002 5001
20
1 1
1 3692
1 3987
1 4829
1 4901
1 4931
1 4940
1 4975
1 4977
1 4981
1 4987
1 4989
1 4990
1 4993
1 4995
1 4996
1 4997
1 4998
1 4999
1 5000
1 5001
5001 1
5001 840
5001 1690
5001 2520
5001 3416
5001 3610
5001 3984
5001 4476
5001 4840
5001 4964
5001 4980
5001 4989
5001 4993
5001 4994
5001 4995
5001 4996
5001 4997
5001 4998
5001 4999
5001 5000
5001 5001
8
3146 587
7342 587
8138 1383
8136 1383
8137 1384
8139 1384
8140 1383
8140 1384
8140 1383
846 2015
1528 2697
3384 841
5005 841
4250 1596
4250 1633
4223 1660
4233 1660
4245 1648
20
1 1
4937 4937
4970 4970
4972 4972
4984 4984
4985 4985
4987 4987
4988 4988
4989 4989
4990 4990
4991 4991
4992 4992
4993 4993
4994 4994
4995 4995
4996 4996
4997 4997
4998 4998
4999 4999
5000 5000
5001 5001
5001 1
2348 2654
1370 3632
121 4881
24 4978
21 4981
20 4982
14 4988
13 4989
12 4990
11 4991
10 4992
9 4993
8 4994
7 4995
6 4996
5 4997
4 4998
3 4999
2 5000
1 5001
6
3214 4348
3813 4348
3746 4281
5048 5583
7475 5583
7412 5520
6870 4978
1198 4555
2613 3140
2613 3657
2824 3446
381 3446
93 3158
93 3032
16
4150 2152
5385 2152
4593 2944
4593 711
4732 572
4978 572
5145 572
5320 572
5323 569
5323 566
5322 565
5321 565
5321 566
5321 567
5322 567
5323 568
5324 569
4619 609
4619 3669
6383 3669
6383 3665
6383 3569
6446 3506
6444 3508
6445 3508
6447 3506
6448 3506
6447 3506
6448 3507
6449 3508
6448 3509
6449 3510
6450 3511
6449 3510
13
1509 3003
1509 5076
1509 7157
1509 7911
1568 7852
1586 7870
1581 7865
1581 7866
1577 7866
1576 7866
1576 7865
1576 7866
1575 7866
1574 7866
2767 1138
2767 1800
2767 488
1408 488
48 1848
48 2072
91 2029
93 2029
92 2028
103 2028
81 2028
79 2030
79 2029
80 2030
