100
4 2
5 2
6 2
1000 1000
1000 1
906279 798866
925484 851226
1000000 446421
500000 256441
500000 249999
729717 716456
608282 496748
667300 651673
999999 429540
999999 499999
999999 475711
999999 127
500000 250000
1000000 524288
932671 758709
500000 1
999999 524288
4 1
1000000 262144
3 1
654548 535439
999999 999998
613785 549502
1000000 999999
274079 225486
999999 262144
500000 127
500000 499999
437251 343657
1000000 499999
1000000 475712
999999 262143
500000 262144
500000 128
909906 872599
575155 446992
2 1
1000000 499998
500000 2
1000000 500000
999999 999999
500000 262143
905302 744998
555405 417697
1000000 475713
500000 237857
1000000 127
532512 450407
1000000 1
500000 237856
999999 1
999999 490172
477537 448464
2 2
999999 128
500000 500000
251767 212377
999999 499997
427557 392573
500000 131071
830708 625273
1000000 524287
488521 460852
566624 530568
314402 251753
893895 694074
3 2
1000000 2
730299 728027
500000 249998
882780 819934
500000 131570
252390 236064
645203 516361
392590 311150
1000000 1000000
586540 511647
999999 499998
359912 332726
1000000 515795
999999 2
673237 547185
500000 131072
1000000 128
630937 625145
336882 296009
999999 475712
5 1
999999 524287
1000000 262143
632362 556573
772070 658409
1 1
692421 625777
655530 530640
