100
4 2
5 2
6 2
1000 1000
1000 1
999 498
810 656
593 519
999 497
985 779
999 511
840 670
999 127
500 499
500 1
999 998
999 499
1000 256
1000 489
608 579
943 828
500 244
500 2
453 371
556 531
607 522
936 703
953 894
600 486
1000 512
999 381
537 453
500 93
1000 511
648 505
1000 255
324 291
957 812
500 116
940 926
882 848
1000 499
999 2
2 2
1000 128
706 690
1000 500
500 245
1000 2
4 1
529 432
2 1
683 587
500 249
500 255
765 643
999 128
1000 384
887 787
297 263
1000 127
999 487
500 203
999 512
401 342
3 1
500 128
781 629
1000 498
984 923
500 254
999 255
675 652
999 256
999 1
999 999
426 359
940 760
839 650
383 305
500 500
500 248
1000 491
1000 488
999 489
643 635
500 250
3 2
828 812
500 127
1000 999
5 1
1 1
354 295
999 488
500 256
500 117
697 566
644 584
344 261
