50
3
1 2 3
2 3 5
3 5 6
2 3 4
1 2 3
10
1 3 5 6 7 9 10 12 14 16
9 12 14 16 19 21 23 25 27 28
4 7 10 12 14 15 17 20 21 23
5 7 9 10 12 13 14 16 17 18
2 4 7 8 9 10 11 14 15 18
1 2 3 4 6 7 9 10 12 13
12 15 17 19 22 25 27 29 30 32
3 6 9 11 12 14 16 18 19 21
9 10 14 15 17 19 21 23 25 27
10 11 16 17 18 20 23 24 27 28
14 15 19 21 23 24 27 28 30 32
6 8 12 14 16 17 18 22 23 25
7 9 12 14 16 18 19 21 22 24
10 14 16 18 21 23 24 26 28 30
7 10 13 15 18 19 20 23 24 27
12 14 18 20 22 23 25 26 29 30
13 16 18 20 24 27 28 30 32 34
6 8 11 12 14 15 16 18 19 20
16 18 21 23 25 27 28 30 32 34
3
1 2 3
1 2 3
3 4 5
3 4 5
2 3 4
2
4 8
2 4
6 8
7
29 30 31 32 33 34 35
36 37 38 39 40 41 42
43 44 45 46 47 48 49
8 9 10 11 12 13 14
1 8 15 22 29 36 43
3 10 17 24 31 38 45
1 2 3 4 5 6 7
5 12 19 26 33 40 47
6 13 20 27 34 41 48
22 23 24 25 26 27 28
15 16 17 18 19 20 21
4 11 18 25 32 39 46
7 14 21 28 35 42 49
7
5 9 12 15 18 21 23
11 15 18 19 23 28 29
13 17 23 26 28 29 31
8 12 15 17 18 19 22
7 11 14 17 19 24 26
1 4 5 7 9 11 14
4 6 10 12 14 15 17
14 16 19 22 24 29 31
12 15 21 24 25 28 29
1 4 7 8 10 12 13
4 6 9 11 13 15 16
7 10 12 14 16 18 19
10 14 18 19 21 23 24
2
2 6
2 4
4 8
4
9 15 23 25
2 4 6 9
6 14 18 23
7 12 18 20
9 18 20 25
4 10 12 15
2 5 7 9
3
8 12 13
8 12 15
4 8 10
10 13 19
11 15 19
10
51 52 53 54 55 56 57 58 59 60
10 20 30 40 50 60 70 80 90 100
6 16 26 36 46 56 66 76 86 96
5 15 25 35 45 55 65 75 85 95
2 12 22 32 42 52 62 72 82 92
9 19 29 39 49 59 69 79 89 99
61 62 63 64 65 66 67 68 69 70
81 82 83 84 85 86 87 88 89 90
71 72 73 74 75 76 77 78 79 80
91 92 93 94 95 96 97 98 99 100
1 11 21 31 41 51 61 71 81 91
8 18 28 38 48 58 68 78 88 98
31 32 33 34 35 36 37 38 39 40
11 12 13 14 15 16 17 18 19 20
4 14 24 34 44 54 64 74 84 94
41 42 43 44 45 46 47 48 49 50
3 13 23 33 43 53 63 73 83 93
7 17 27 37 47 57 67 77 87 97
1 2 3 4 5 6 7 8 9 10
3
1 2 3
1 2 3
2 3 4
3 4 5
2 3 4
4
2 5 6 7
1 3 4 6
5 7 8 9
4 6 7 8
4 6 7 8
6 7 8 9
1 2 4 5
5
2 8 9 12 17
6 15 17 19 25
4 11 13 15 23
11 12 14 15 19
1 4 8 11 15
4 8 9 11 15
3 9 11 14 20
8 9 11 13 17
15 17 20 23 25
7
30 67 86 101 146 160 170
56 98 101 123 129 138 156
41 70 110 123 158 175 176
99 131 142 156 198 201 232
66 128 160 175 187 195 201
24 48 55 56 64 66 81
55 81 86 110 111 121 142
60 93 111 129 164 187 190
48 58 67 70 93 111 131
27 58 81 98 122 128 139
64 122 146 158 164 188 198
81 139 170 176 190 214 232
79 111 121 138 188 195 214
2
2 6
4 8
6 8
7
4 9 13 16 17 18 29
3 8 12 13 14 15 27
6 11 15 18 20 21 33
2 7 8 9 10 11 25
6 11 15 18 20 21 32
5 10 14 17 19 20 31
5 10 14 17 19 20 30
4 9 13 16 17 18 28
1 2 3 4 5 6 23
2 7 8 9 10 11 24
3 8 12 13 14 15 26
1 2 3 4 5 6 22
22 25 27 29 31 32 34
10
9 10 14 16 20 24 25 29 32 35
4 9 10 14 18 21 22 23 26 27
6 7 10 15 18 21 22 25 28 32
10 11 18 20 22 25 29 33 34 38
19 24 26 32 33 36 40 42 45 47
8 13 18 20 22 27 28 31 33 39
7 11 15 16 20 24 25 29 32 36
18 25 28 32 34 40 41 42 45 46
18 20 23 29 31 34 38 41 42 45
20 27 32 35 38 41 42 45 47 50
3 6 7 10 11 16 19 20 24 25
1 5 6 9 10 12 15 18 19 22
5 6 9 11 13 17 19 21 25 27
12 16 21 24 27 30 33 37 40 41
1 3 4 7 8 9 11 14 18 20
22 25 27 36 39 41 43 44 46 50
11 19 22 25 29 33 36 38 40 43
14 21 25 29 33 37 39 41 42 44
9 17 21 24 25 30 33 34 36 41
3
5 6 7
3 4 5
1 2 4
2 4 6
1 3 5
10
12 16 18 21 25 27 28 33 36 38
15 19 22 25 28 30 32 36 38 40
8 9 14 17 20 23 26 28 30 32
5 8 11 12 13 14 19 20 22 24
19 24 27 29 30 33 37 41 42 45
5 8 9 14 16 19 21 24 27 28
23 24 32 36 38 40 44 45 46 51
2 5 8 11 12 15 18 19 22 25
25 28 31 33 34 36 43 46 49 51
2 5 8 9 12 13 16 18 21 23
13 14 23 26 27 30 32 33 34 36
9 12 17 19 21 25 26 29 31 33
18 20 28 31 33 36 39 41 42 46
16 19 26 27 28 32 34 37 40 43
21 22 30 33 36 38 41 42 44 49
12 13 20 22 25 28 29 30 32 34
22 27 28 31 32 34 40 42 44 46
18 21 24 26 29 32 34 39 41 44
11 14 16 19 22 26 27 31 33 36
8
5 6 8 10 11 13 14 16
2 3 5 6 8 10 12 14
9 11 13 15 18 20 21 22
6 8 10 11 14 15 16 18
10 12 13 15 17 20 21 24
3 4 6 7 9 12 14 15
14 15 16 18 19 22 23 28
3 4 5 8 10 11 12 14
12 14 15 16 18 21 22 26
8 9 12 14 16 18 20 22
8 10 11 12 16 17 18 19
2 3 4 6 8 9 11 12
12 14 16 19 22 24 26 28
6 7 10 11 12 15 17 19
4 5 8 10 12 13 15 16
10
2 10 11 12 13 14 15 16 17 48
7 15 22 28 33 37 40 41 42 59
2 10 11 12 13 14 15 16 17 49
46 48 51 53 54 57 58 60 62 64
6 14 21 27 32 36 37 38 39 57
8 16 23 29 34 38 41 43 44 61
1 2 3 4 5 6 7 8 9 47
47 49 50 52 55 56 59 61 63 64
9 17 24 30 35 39 42 44 45 63
3 11 18 19 20 21 22 23 24 50
9 17 24 30 35 39 42 44 45 62
1 2 3 4 5 6 7 8 9 46
5 13 20 26 31 32 33 34 35 55
4 12 19 25 26 27 28 29 30 53
8 16 23 29 34 38 41 43 44 60
6 14 21 27 32 36 37 38 39 56
5 13 20 26 31 32 33 34 35 54
4 12 19 25 26 27 28 29 30 52
3 11 18 19 20 21 22 23 24 51
3
3 4 5
2 3 4
1 2 3
2 3 4
3 4 5
2
3 5
4 5
1 4
6
4 7 8 9 13 16
7 11 14 15 18 22
5 11 12 13 15 17
16 18 22 23 27 30
9 13 17 19 23 27
16 17 22 25 30 32
13 15 20 21 27 29
4 5 9 13 16 20
20 22 25 27 29 32
13 15 18 19 21 25
9 14 15 17 20 22
2
2 5
2 5
5 8
7
10 13 14 17 20 22 24
5 7 10 11 13 14 16
2 4 5 7 8 9 11
3 6 7 9 10 12 13
5 8 10 12 14 15 17
7 10 11 13 16 18 19
9 12 15 18 20 22 23
12 14 16 19 21 23 26
2 3 5 7 8 10 12
7 9 12 13 15 17 19
8 10 14 16 18 20 21
8 11 13 15 18 20 22
11 13 17 19 22 24 26
10
10 11 12 13 14 15 16 17 18 19
9 10 11 12 13 14 15 16 17 18
7 8 9 10 11 12 13 14 15 16
7 8 9 10 11 12 13 14 15 16
10 11 12 13 14 15 16 17 18 19
1 2 3 4 5 6 7 8 9 10
8 9 10 11 12 13 14 15 16 17
4 5 6 7 8 9 10 11 12 13
2 3 4 5 6 7 8 9 10 11
2 3 4 5 6 7 8 9 10 11
9 10 11 12 13 14 15 16 17 18
6 7 8 9 10 11 12 13 14 15
3 4 5 6 7 8 9 10 11 12
1 2 3 4 5 6 7 8 9 10
5 6 7 8 9 10 11 12 13 14
5 6 7 8 9 10 11 12 13 14
8 9 10 11 12 13 14 15 16 17
6 7 8 9 10 11 12 13 14 15
3 4 5 6 7 8 9 10 11 12
2
4 5
4 6
6 9
3
2 3 4
2 3 5
3 5 7
5 7 8
4 7 8
4
44 52 53 58
52 53 58 74
41 42 53 73
56 67 73 74
28 41 42 53
15 28 44 56
34 41 52 67
7
1 2 3 4 5 6 7
7 8 9 10 11 12 13
3 4 5 6 7 8 9
5 6 7 8 9 10 11
5 6 7 8 9 10 11
1 2 3 4 5 6 7
2 3 4 5 6 7 8
4 5 6 7 8 9 10
2 3 4 5 6 7 8
3 4 5 6 7 8 9
6 7 8 9 10 11 12
7 8 9 10 11 12 13
4 5 6 7 8 9 10
4
3 9 11 13
5 9 12 13
9 13 15 19
7 12 13 15
2 3 7 10
2 5 8 9
8 11 13 14
9
27 33 38 43 44 49 54 58 61
1 5 6 11 12 13 18 20 25
12 17 19 25 28 31 37 40 44
22 29 33 36 40 42 45 50 55
6 10 12 17 18 24 26 33 38
10 17 18 23 28 31 35 40 45
4 11 12 17 19 26 29 31 38
9 16 17 22 25 29 31 35 40
18 25 26 32 37 40 42 47 52
11 12 17 22 23 27 32 36 43
1 2 4 9 10 14 18 22 27
13 21 26 29 31 36 40 42 49
2 7 10 12 17 21 24 29 34
5 7 11 16 17 22 25 29 33
18 24 29 31 35 37 42 45 54
25 34 38 40 45 48 52 55 61
20 29 31 35 40 45 47 50 58
2
2 22
22 222
22 222
4
2 3 4 5
4 5 6 7
2 3 4 5
1 2 3 4
3 4 5 6
4 5 6 7
1 2 3 4
7
3 6 7 10 12 13 15
10 19 22 25 28 29 32
13 15 17 21 24 26 32
1 3 5 6 8 9 10
6 12 13 16 17 18 21
5 9 10 12 13 15 17
8 13 15 19 21 23 24
8 10 12 16 19 21 25
9 12 13 17 21 22 28
1 3 5 8 9 11 13
3 6 9 12 13 16 19
5 7 10 13 15 18 22
11 13 15 18 23 25 29
2
2 22
2 22
22 222
10
107 117 147 186 240 243 267 298 306 321
88 127 168 195 213 235 254 261 286 306
6 23 38 46 61 68 69 73 98 107
13 40 43 70 73 81 87 94 106 117
6 13 28 51 60 65 71 81 88 110
28 49 70 88 102 107 114 132 135 147
61 73 102 132 150 157 168 195 213 240
69 87 114 150 190 201 214 238 254 271
81 120 155 173 195 210 238 249 281 298
73 94 132 153 204 214 232 249 261 284
46 70 88 120 132 151 156 173 195 218
110 142 192 218 240 253 271 284 298 321
68 81 107 135 175 180 183 210 235 253
51 62 95 120 132 135 150 153 166 186
23 40 49 62 78 102 110 120 127 142
38 43 70 95 103 127 132 155 168 192
60 78 103 132 150 175 190 204 220 240
65 102 127 151 157 180 201 214 239 243
71 110 132 156 168 183 214 232 257 267
4
3 6 10 11
4 6 7 9
7 10 11 13
2 3 4 6
4 7 11 12
10 11 12 16
2 4 7 10
5
7 10 14 19 22
5 9 10 11 13
11 13 19 23 26
3 5 7 11 15
3 4 7 10 11
7 13 14 17 19
11 17 19 20 23
10 11 17 20 25
4 9 13 17 20
3
4 6 7
3 4 6
4 6 7
1 2 4
1 3 4
5
4 7 10 13 15
1 4 5 6 7
6 11 14 15 21
7 13 14 15 17
1 2 5 7 10
7 13 16 17 24
5 10 11 14 18
5 10 11 14 16
2 7 10 11 13
5
4 5 7 12 13
13 19 24 28 30
9 10 11 18 24
7 10 11 19 23
17 22 23 28 30
6 9 10 16 19
12 16 18 22 28
5 9 10 17 22
4 6 9 13 17
4
9 10 11 12
4 8 12 16
1 5 9 13
2 6 10 14
1 2 3 4
13 14 15 16
3 7 11 15
7
14 18 20 22 24 25 32
10 13 17 20 22 26 27
19 26 29 32 35 38 41
4 6 10 11 12 16 19
4 6 10 14 16 18 20
11 16 18 22 23 29 30
18 20 26 29 30 35 38
10 14 17 18 21 24 29
20 23 27 30 34 38 41
12 19 21 24 28 30 34
16 23 24 25 32 35 38
16 19 22 23 28 32 35
6 7 14 18 19 20 23
4
7 12 16 20
16 20 21 23
8 12 13 17
10 13 18 21
12 16 18 19
4 8 12 16
11 17 19 23
4
2 4 5 10
2 4 5 9
3 5 6 12
7 10 12 13
3 5 6 11
8 9 11 13
1 2 3 7
4
7 8 9 14
7 8 9 14
10 11 14 17
2 4 7 9
4 7 8 11
2 4 7 10
9 12 14 17
5
12 16 19 26 30
8 12 15 20 23
15 20 23 27 30
3 8 10 13 15
8 10 12 13 16
13 17 20 22 26
10 13 15 16 19
11 13 16 22 27
3 6 8 11 12
2
2 6
2 4
6 8
