10
5
2
3
2
3
1
1
1
2
3
1
10
1
1
1
3
2
2
2
2
2
1
2
3
1
2
2
2
3
1
2
2
15
2
2
2
3
3
3
3
3
1
2
3
3
3
3
2
2
2
2
2
2
3
1
1
3
2
1
1
2
2
2
15
2
2
2
2
2
2
1
1
1
3
2
2
3
3
3
2
3
3
2
2
2
2
2
1
3
3
3
3
1
2
20
1
1
1
1
2
2
1
3
3
3
2
2
2
1
3
3
1
2
2
1
2
3
3
2
1
1
2
3
3
3
1
2
3
3
3
3
3
1
1
3
20
1
1
1
1
1
3
2
1
3
2
2
3
3
2
2
3
3
3
3
2
2
2
2
3
3
3
3
3
1
1
1
1
3
2
2
2
2
2
2
3
25
1
1
1
3
2
2
2
2
2
1
3
2
2
3
3
2
2
3
3
2
2
2
2
2
1
2
2
2
3
3
2
2
2
1
3
2
1
1
2
3
3
2
2
2
1
3
3
1
2
2
30
1
1
1
1
1
3
2
1
1
1
1
1
1
2
2
2
3
3
3
3
2
1
1
1
3
2
2
2
2
3
1
1
1
3
3
3
3
1
2
3
3
2
1
3
2
1
1
1
1
2
2
1
1
2
2
1
3
3
1
2
30
1
1
1
3
3
1
1
1
2
2
1
3
2
1
1
2
3
3
2
2
3
3
3
3
3
1
1
1
1
3
1
1
2
3
1
2
3
1
2
2
2
3
3
2
2
2
2
2
1
1
1
3
2
2
3
3
3
1
1
3
30
1
1
1
3
3
3
2
1
1
2
2
2
2
1
3
2
1
1
1
3
2
1
3
3
3
3
3
2
1
1
2
3
3
3
3
3
3
3
1
1
1
1
1
2
3
3
2
1
3
3
3
3
1
1
3
3
3
3
3
3
