744
1 52
10 26
1 36
2 1
2 2
2 1
3 45
15 3
1 1
33 1
9 5
29 5
1 1
1 7
32 2
82 84
10 4
1 2
36 3
1 6
1 21
22 3
1 1
1 2
2 20
1 8
1 1
11 49
1 3
12 14
2 1
4 1
1 74
2 1
1 1
18 10
3 1
56 2
1 4
7 4
7 91
41 45
1 1
1 1
75 1
2 2
4 1
31 1
1 8
62 2
7 1
5 24
3 1
6 74
1 6
10 7
2 18
1 1
1 1
3 31
1 9
62 2
13 2
3 2
31 1
17 5
2 1
9 23
1 1
1 1
3 5
8 87
42 20
1 1
40 3
27 2
1 2
90 1
21 1
3 1
15 13
1 4
42 1
9 35
2 1
1 1
33 47
26 2
1 17
18 25
24 43
1 1
1 1
2 1
21 1
45 1
1 28
1 1
2 7
2 12
36 7
4 10
1 3
1 1
54 32
30 1
61 12
1 92
1 20
1 1
9 27
18 66
1 1
1 1
18 6
1 6
26 1
61 35
20 18
12 1
4 8
18 26
6 1
2 60
5 22
1 1
1 1
10 20
14 1
1 2
40 24
92 1
1 1
20 3
5 85
18 1
2 29
1 2
1 1
1 10
7 43
1 1
6 1
2 22
1 2
6 14
1 1
1 29
2 1
18 1
1 18
3 15
31 1
5 9
1 1
1 8
2 6
2 4
1 1
1 13
2 20
2 2
1 2
13 2
58 1
12 3
10 23
1 26
14 47
11 6
1 34
1 1
3 1
8 5
1 3
1 12
56 4
45 46
1 3
1 1
20 1
1 6
24 1
1 1
2 32
3 2
65 1
1 65
4 1
42 2
1 2
4 1
1 2
5 3
9 1
5 32
17 49
14 65
90 9
10 13
1 17
1 1
18 71
2 15
3 5
1 17
1 16
9 81
5 4
10 24
1 1
61 1
1 5
1 4
1 50
1 1
1 1
1 1
9 8
9 4
5 45
16 5
29 35
10 13
1 47
44 1
2 5
1 2
3 1
3 7
1 1
8 2
1 1
1 56
37 5
71 10
1 18
1 1
24 18
18 7
3 23
1 9
5 3
15 1
4 15
2 1
1 1
22 1
3 15
1 10
1 3
1 1
1 1
20 14
11 1
1 2
1 46
5 1
10 2
5 1
18 2
11 5
8 6
1 30
30 1
2 11
15 4
1 1
2 3
5 1
1 2
2 26
1 3
2 1
3 1
17 4
5 50
1 5
1 10
2 6
28 7
3 7
1 29
12 1
14 2
20 3
1 3
46 22
1 45
8 5
1 2
12 1
2 1
17 2
10 23
63 1
1 1
1 2
1 6
1 1
57 9
88 32
7 6
1 1
62 3
13 44
43 9
1 48
10 98
1 2
1 1
1 1
7 2
2 2
1 1
1 1
1 13
1 5
3 14
1 34
1 1
2 34
1 8
19 14
2 5
2 8
4 6
5 5
2 16
56 2
47 1
82 79
1 2
30 1
82 1
14 1
1 2
1 1
30 2
1 1
3 18
38 63
3 1
79 10
7 1
6 1
1 1
1 23
1 10
16 1
1 18
2 1
26 1
2 9
6 1
1 6
2 1
1 11
1 4
1 1
2 9
1 10
10 11
7 2
1 1
3 1
1 18
1 1
36 4
4 32
2 1
1 1
1 1
1 4
1 13
2 1
5 6
1 13
14 1
29 1
4 59
2 13
1 1
14 7
1 52
1 1
1 9
3 34
1 8
7 7
69 43
1 4
1 2
22 1
1 76
2 8
1 27
26 1
1 3
3 17
1 1
2 1
2 5
7 43
28 6
1 1
8 1
5 13
7 5
56 3
41 3
64 4
7 7
1 1
1 11
2 3
8 1
1 8
38 1
1 1
1 18
4 2
3 7
1 30
1 6
9 27
3 6
1 1
1 1
11 1
32 31
1 13
1 8
9 1
1 16
1 1
29 1
9 13
18 1
20 6
3 11
6 2
3 2
18 90
1 1
10 1
3 67
1 1
24 3
22 62
1 1
1 24
2 3
74 3
1 1
11 15
1 1
2 13
1 3
41 1
33 1
1 8
1 8
3 1
1 3
36 2
10 32
56 1
9 55
4 5
1 11
1 14
1 40
1 3
1 10
11 2
1 1
2 1
2 1
33 98
3 1
1 22
4 1
6 39
4 3
1 13
45 2
21 90
1 2
8 7
2 7
1 4
1 51
14 62
4 1
60 2
9 36
63 1
10 13
1 6
8 1
2 6
11 14
4 31
27 20
2 10
2 1
1 12
2 33
1 1
1 1
4 3
36 5
10 36
10 3
1 1
13 1
1 40
8 1
9 2
1 8
1 100
9 8
1 34
1 7
42 1
1 1
76 32
3 64
1 1
1 2
4 9
1 4
1 29
67 4
1 1
1 1
3 92
1 2
1 1
98 63
1 51
2 1
1 13
54 29
2 8
3 1
1 14
12 1
85 6
3 1
1 13
1 1
1 1
5 11
6 6
10 1
1 86
1 3
1 1
10 1
1 27
1 2
1 2
5 1
42 44
34 1
1 2
30 1
10 1
1 1
2 26
34 1
1 7
39 1
4 1
4 11
1 1
28 22
8 16
8 6
30 1
1 5
21 2
3 36
5 5
45 30
19 5
20 28
2 1
1 3
3 1
1 1
1 1
5 1
1 1
1 7
1 1
18 55
2 13
4 2
1 17
1 1
1 75
1 1
13 14
11 10
3 43
26 9
2 1
9 1
1 1
1 1
12 3
1 5
1 1
6 7
9 8
1 1
1 1
65 1
1 2
1 19
11 1
3 1
29 2
1 1
35 3
1 1
30 5
9 12
1 2
4 12
8 2
1 6
42 16
1 1
7 10
1 5
6 3
36 1
4 11
1 1
5 8
7 2
43 4
1 8
1 65
92 1
1 77
2 13
5 1
4 25
1 4
17 1
34 1
1 24
2 1
37 7
3 1
2 2
28 9
1 7
5 2
9 11
6 56
36 6
1 10
7 1
64 21
1 1
12 4
9 78
2 4
1 7
35 2
18 1
1 1
6 1
2 5
5 2
13 1
64 3
2 2
20 3
2 26
6 1
10 25
11 1
18 1
29 6
4 14
1 4
6 10
14 1
1 42
1 2
18 1
1 1
13 6
1 14
85 1
6 1
2 5
5 25
1 5
1 22
2 24
23 4
1 2
1 60
6 8
1 14
1 1
2 2
38 16
1 5
10 9
3 5
2 34
2 8
15 1
9 10
8 1
4 4
1 1
30 6
1 1
7 1
1 1
8 11
10 1
2 19
11 2
21 8
30 2
1 1
1 2
1 1
6 42
33 1
1 1
15 1
1 31
