4923706
4964163
4768652
4945726
4948951
4857613
4560046
4983914
4756186
4501568
4853991
-1
4839158
4992507
4981421
4943113
4831301
-1
-1
4931136
4942305
4918793
4957221
4897663
4695440
4806869
4974514
4926203
4919149
4965001
4975493
4935225
4709783
-1
-1
4687364
-1
4916490
4747731
4842639
4613231
4809859
4898257
4979470
4820022
4947730
4877443
4836743
4612714
4872021
4479375
4850862
4742952
4756158
4845665
4798464
4726172
4821501
4883977
4765336
4207961
4948678
4927166
4923597
4828471
4944565
4542126
4588030
4862512
4890412
4681394
4984851
4982164
4961531
4745448
4943408
4818979
4793306
4882578
4546865
4860441
4580612
-1
4968655
-1
4905473
4917886
4901227
-1
4927165
4918679
4959079
4977048
4677740
4938348
4718250
-1
4819573
4924481
4884124
