100
4
2 3 4 1
4
3 3 4 1
4
3 3 4 3
10
7 8 10 10 9 2 9 6 3 3
10
2 3 1 10 3 5 6 7 8 9
320
252 203 157 312 169 131 252 246 8 215 193 237 284 96 2 277 7 45 6 124 133 317 125 276 65 205 168 138 304 222 143 124 54 47 150 295 128 249 37 183 90 200 189 258 312 169 106 16 181 277 314 28 316 120 149 11 99 73 32 122 318 267 307 301 256 88 184 130 235 157 304 270 11 86 219 43 17 16 319 268 121 32 296 31 52 126 206 221 263 142 310 164 83 55 21 271 49 165 57 207 212 44 252 120 213 261 158 247 38 234 152 82 238 23 218 199 35 147 84 137 228 230 21 212 69 67 167 290 224 37 74 71 259 185 229 51 115 33 236 164 69 187 36 66 24 50 93 117 319 105 60 265 240 273 156 81 233 111 253 286 263 55 178 188 77 127 117 107 80 259 281 240 273 291 147 114 13 171 135 174 317 279 138 114 299 10 315 76 174 138 45 123 292 138 109 4 185 59 244 2 306 148 198 151 283 213 239 145 240 40 7 182 84 222 61 300 136 65 127 143 55 9 311 309 215 130 100 73 191 320 171 95 257 208 294 88 219 91 131 56 288 302 121 12 118 63 168 160 89 25 141 208 41 239 44 241 278 308 129 314 85 200 26 86 77 145 34 233 279 289 173 49 217 265 216 248 179 60 287 270 232 23 90 195 68 108 280 62 255 48 5 306 144 197 313 310 241 269 227 225 46 8 183 144 100 14 223 262 245 163 132 97 116 155 10 36 285 13 30 92
10
5 4 2 8 3 9 9 10 4 9
502
118 52 153 215 416 86 56 195 305 375 188 39 444 387 320 276 140 172 484 97 116 357 252 234 270 233 115 311 373 499 66 16 310 64 412 323 366 464 45 328 107 379 285 144 113 47 161 129 163 251 295 263 435 395 128 301 297 84 143 7 317 271 299 229 217 41 446 63 160 27 226 433 322 353 480 356 127 474 490 6 168 389 231 179 404 371 88 391 469 363 80 187 106 396 194 49 99 250 202 400 493 96 440 164 151 340 77 264 175 392 479 29 298 360 450 456 67 445 167 481 24 477 319 69 334 70 426 103 470 338 344 286 498 237 335 429 288 346 266 448 413 275 171 406 76 89 354 327 184 415 279 51 98 487 154 224 101 385 473 314 213 136 87 183 265 21 409 386 486 193 419 461 142 100 221 95 247 362 303 497 81 199 165 36 134 59 294 278 121 182 307 337 58 349 284 478 74 434 315 117 203 249 495 283 425 223 174 26 274 296 43 111 269 85 93 22 332 496 137 241 147 257 280 436 369 120 166 114 463 452 258 377 123 139 133 61 9 105 3 15 30 19 33 466 5 388 228 162 55 150 376 122 243 180 397 457 501 227 185 156 482 53 451 83 37 145 54 12 126 13 125 108 79 242 390 408 399 467 333 259 57 309 345 68 200 232 358 454 447 472 40 197 365 25 261 31 35 407 374 207 248 212 364 321 318 432 350 253 420 20 205 488 304 34 178 458 462 500 289 368 455 152 308 32 370 293 119 494 192 359 341 277 485 382 158 236 339 422 272 372 410 411 330 329 17 421 361 132 403 149 38 44 28 431 246 347 401 8 254 381 427 453 146 476 181 110 417 218 222 428 189 245 502 430 290 208 14 169 1 48 443 240 273 201 176 316 18 78 190 471 11 492 230 256 157 186 267 424 148 102 90 282 306 491 336 138 4 393 460 104 439 442 218 489 135 342 380 441 262 414 437 62 418 331 313 325 394 177 206 351 225 398 196 209 155 287 92 204 75 216 159 130 220 112 292 23 2 94 281 60 326 468 244 173 198 355 214 324 235 384 402 260 210 378 302 124 405 71 211 475 367 131 483 219 65 10 449 239 42 423 438 238 348 459 72 170 343 300 465 291 50 352 73 82 109 91 46 191 312 255 268 383
200
54 74 12 121 81 65 96 155 24 49 68 163 107 48 177 135 39 170 147 91 98 20 190 75 160 66 200 161 10 153 132 83 167 158 19 3 193 135 11 166 170 15 196 165 187 156 154 50 22 94 30 178 54 40 97 144 187 95 49 192 170 155 185 83 144 134 43 146 6 105 124 6 89 175 65 118 34 110 54 81 89 5 191 94 146 35 89 176 80 32 41 137 12 8 80 121 65 133 138 149 90 192 184 143 103 134 44 21 75 148 57 82 24 26 19 70 77 29 47 189 6 82 179 132 17 42 6 61 198 191 161 48 127 92 109 88 186 101 48 168 56 127 121 6 157 89 122 65 38 2 124 177 119 94 70 134 145 146 63 122 15 40 14 170 11 82 41 156 139 171 178 143 23 159 163 134 161 127 44 11 180 170 162 50 148 168 6 82 112 53 43 178 10 5 33 99 39 42 24 77
320
67 135 126 120 256 186 68 318 316 60 295 125 188 247 220 118 24 222 15 297 113 43 16 227 264 308 184 2 256 197 235 299 66 132 288 257 124 168 70 167 157 236 162 206 44 246 287 82 298 155 9 180 141 146 286 122 4 99 34 229 137 232 227 223 22 101 136 213 166 160 202 7 294 186 78 315 250 190 204 96 169 185 103 126 152 317 2 37 92 13 254 165 26 146 22 149 4 36 10 150 17 232 111 187 133 184 272 309 128 251 264 142 49 27 294 284 1 183 51 93 276 291 104 201 36 288 194 63 77 290 83 52 129 245 269 299 320 21 201 154 174 172 158 306 189 274 107 223 263 259 40 181 95 295 247 280 66 153 53 72 268 216 99 181 34 91 46 237 301 225 239 218 79 42 267 112 61 46 50 86 61 51 48 302 36 307 195 144 224 319 276 271 6 38 198 69 235 110 145 258 116 176 171 71 223 271 260 54 45 120 182 151 81 13 200 267 76 16 208 29 182 161 79 285 80 39 228 28 97 231 184 161 40 258 90 215 304 6 133 13 181 315 313 84 146 117 279 114 95 127 47 217 178 100 193 6 148 187 156 281 216 253 105 96 139 160 209 313 260 256 221 244 286 241 31 44 147 215 88 8 20 163 281 19 81 11 273 99 64 77 106 219 159 147 53 146 217 56 75 54 254 275 126 131 290 138 179 115 108 295 217 31 262 116 41 143 292 226 62 89
101
43 55 64 18 35 80 44 32 35 70 51 17 39 57 91 56 18 25 23 28 92 41 68 12 34 8 25 16 8 64 62 76 90 13 93 19 24 71 54 30 72 100 42 53 50 63 20 37 6 57 74 33 101 95 59 33 7 70 38 100 69 67 65 79 49 75 47 23 85 84 40 82 2 45 99 15 89 36 86 94 1 77 58 9 26 22 46 61 48 83 87 11 96 78 21 81 98 2 31 97 88
200
32 157 126 122 122 4 102 142 171 26 183 129 172 157 154 100 69 114 171 93 11 122 24 132 113 84 9 122 133 195 108 105 9 115 42 186 45 79 90 106 90 20 45 140 192 57 2 89 67 163 183 96 2 46 156 98 106 140 92 11 22 55 7 14 159 192 52 47 60 27 198 78 101 153 43 193 168 167 138 111 133 153 87 185 118 24 27 93 25 125 57 162 92 196 163 46 115 114 190 120 194 155 120 122 28 31 1 71 55 199 139 115 10 175 190 197 19 51 144 129 26 48 53 200 58 149 13 17 160 14 68 196 47 86 167 174 73 153 150 94 50 172 107 95 77 100 3 84 52 97 33 76 55 111 36 148 74 116 185 51 162 69 122 73 141 103 108 56 64 165 53 92 165 89 57 13 21 109 193 176 120 194 14 141 189 30 106 42 28 197 110 102 92 2 199 49 170 194 77 33
10
7 8 8 1 6 10 4 10 8 2
320
299 200 259 65 267 234 78 186 176 176 274 301 287 195 3 214 206 219 186 309 200 291 225 204 60 67 148 201 319 1 210 230 59 153 172 169 13 70 163 190 71 76 133 38 257 121 296 14 140 120 54 262 232 50 259 62 42 282 235 200 43 213 151 94 35 40 295 269 40 2 30 196 181 139 35 161 26 87 275 253 17 28 251 106 44 66 318 187 194 47 292 293 115 248 320 208 29 178 234 257 118 19 105 198 280 98 13 217 311 205 36 317 234 224 23 248 20 122 283 192 111 94 178 164 177 246 281 80 40 192 48 283 207 127 199 286 304 237 143 309 291 50 219 212 110 46 39 24 234 46 58 190 298 195 87 260 108 75 45 243 244 142 25 220 298 315 287 173 156 7 304 33 300 192 224 252 209 177 247 45 21 21 11 221 20 156 216 166 185 233 111 100 17 234 81 50 145 312 58 42 222 44 248 199 81 117 314 48 201 301 29 261 143 273 106 255 246 187 319 132 186 306 181 297 104 13 287 112 80 158 252 68 275 34 64 156 261 138 253 170 18 197 123 202 262 16 205 75 232 232 266 234 34 261 187 119 109 277 318 133 152 317 116 9 271 147 264 216 299 120 6 80 158 299 227 103 258 121 61 283 251 55 53 168 108 313 138 57 23 123 22 227 242 46 109 174 98 267 307 319 121 154 293 1 290 95 220 181 145 160 72 78 316 121 257 178 56 148 228 98
873
858 524 703 93 279 74 817 707 252 549 166 217 347 55 82 799 387 819 30 343 864 242 851 197 603 346 110 479 798 391 56 99 807 615 689 623 723 545 762 564 827 593 507 309 52 837 591 649 334 820 835 512 84 813 452 226 857 152 516 353 485 759 115 146 375 822 508 191 216 691 445 598 137 457 9 758 184 523 88 236 337 862 430 223 620 285 805 560 645 534 50 703 209 663 317 612 818 185 672 543 189 405 633 78 801 834 258 765 385 604 662 381 283 552 62 35 812 682 43 802 400 636 378 84 3 577 609 351 836 584 65 369 787 95 149 586 509 671 704 869 493 522 585 271 792 63 58 667 852 838 570 832 657 81 4 791 175 107 338 481 113 160 737 589 264 853 824 5 599 795 756 489 442 101 588 75 844 637 606 596 830 41 200 257 100 664 29 119 150 344 532 419 319 632 335 121 296 10 443 127 738 538 665 171 630 480 716 867 225 356 327 719 338 326 473 229 179 506 26 259 492 393 700 755 690 59 729 165 658 431 757 295 628 389 456 134 841 359 275 483 648 702 425 379 601 348 640 297 340 872 358 46 21 231 24 768 57 714 14 19 708 355 92 521 336 446 399 247 769 484 151 60 204 374 740 721 68 256 112 56 392 195 388 172 845 124 692 748 688 6 744 685 625 201 433 854 73 747 16 253 66 312 382 556 811 650 77 658 141 7 28 314 17 828 230 593 371 342 447 698 365 144 777 311 210 147 450 61 411 363 232 32 870 376 181 90 476 734 655 116 575 760 414 187 130 316 631 659 528 684 725 303 360 646 526 470 501 178 3 384 559 31 22 815 370 711 202 677 463 850 208 310 783 339 205 613 162 573 514 660 111 562 20 218 459 198 231 291 196 730 720 542 847 412 432 739 727 679 464 701 109 410 272 833 639 861 54 687 86 278 67 380 118 131 305 557 143 579 647 735 825 781 44 80 511 713 18 475 207 733 669 568 381 293 520 500 840 142 754 449 357 705 251 551 741 537 710 292 318 550 2 260 328 462 428 602 177 706 417 157 611 785 302 614 474 647 673 726 33 13 183 821 234 74 724 96 427 396 554 85 642 847 695 569 224 221 548 778 681 643 717 829 728 97 126 619 578 767 281 168 304 38 114 424 539 709 525 540 321 680 315 670 299 436 782 453 213 254 48 40 394 122 519 590 103 490 325 366 697 104 102 458 694 541 544 243 498 448 53 661 731 140 237 654 527 580 273 435 159 566 773 300 771 246 267 587 219 810 871 806 87 558 42 23 629 510 361 117 408 241 72 407 610 594 294 533 398 170 736 699 582 471 203 324 345 535 329 839 763 472 434 239 270 496 47 794 320 401 15 607 635 665 715 91 418 843 863 332 289 487 156 265 761 37 618 826 441 269 627 164 282 515 352 128 770 574 848 274 174 422 301 36 173 429 530 390 469 349 193 69 108 451 571 148 784 341 76 212 797 572 803 169 651 307 222 842 583 642 676 323 789 158 495 683 150 439 214 563 350 860 136 188 286 638 488 503 386 280 444 608 206 244 749 280 616 89 626 71 235 49 106 298 553 793 330 426 605 772 622 211 313 668 499 831 505 240 634 423 368 859 517 457 718 454 268 139 866 567 774 406 502 742 653 276 477 333 154 467 814 675 331 438 421 255 600 536 747 262 125 865 362 133 764 873 595 592 737 94 751 138 753 416 804 546 383 513 12 228 263 561 497 581 565 856 437 776 83 757 186 233 855 215 486 372 504 809 250 182 109 518 641 347 779 261 397 180 482 478 652 555 846 34 413 70 712 266 192 153 45 161 194 750 823 163 364 466 377 766 308 722 367 176 42 306 98 597 849 674 64 409 415 800 743 617 105 25 465 666 779 494 780 752 135 402 220 547 79 27 227 678 76 1 693 167 746 8 266 460 796 656 223 788 199 420 461 213 13 287 868 111 238 290 790 373 190 786 808 404 531 123 249 245 455
980
645 894 879 548 503 331 30 708 413 175 868 613 219 776 872 870 158 672 93 186 875 467 4 540 146 156 493 104 827 102 410 167 311 297 302 64 597 809 78 698 119 826 364 58 216 692 793 17 904 727 715 884 482 191 108 262 501 711 208 475 598 970 717 406 44 657 322 943 533 463 816 303 53 546 627 520 970 694 33 882 568 233 724 847 771 212 687 301 213 815 358 20 867 22 950 422 264 574 978 770 750 337 200 610 377 828 569 287 796 887 327 834 509 226 247 385 838 625 886 448 168 877 31 457 400 514 405 537 690 803 662 682 386 653 892 170 155 899 562 666 153 115 572 720 584 124 647 575 130 82 830 795 272 209 720 144 846 629 762 503 930 554 801 201 36 74 414 120 802 718 550 437 668 531 286 938 295 492 891 781 931 767 644 974 241 97 621 226 751 112 486 592 425 928 534 90 9 364 83 363 522 117 300 810 133 260 831 920 843 372 769 941 791 101 730 443 550 122 806 204 152 699 768 549 224 139 249 566 438 468 558 356 96 251 959 555 822 25 106 908 254 884 534 951 159 392 206 440 253 336 650 749 731 687 913 615 203 361 507 60 365 487 859 189 945 438 926 589 421 258 731 192 523 18 777 79 111 434 305 935 607 842 617 324 674 233 407 916 316 94 334 763 572 586 230 660 359 159 596 702 670 344 482 349 227 436 68 408 345 663 138 313 390 291 178 805 932 818 395 442 912 101 424 885 603 211 163 470 227 419 51 262 231 469 270 177 328 318 511 642 322 794 858 896 758 571 570 722 553 340 365 851 445 374 823 860 223 784 946 43 587 419 955 560 573 11 85 159 620 280 755 86 737 648 464 136 392 141 346 480 631 273 502 788 263 925 395 76 895 876 274 637 655 914 907 670 483 237 387 358 607 594 723 939 905 619 881 39 693 491 147 19 608 388 430 885 402 910 788 861 321 171 507 347 639 339 314 79 35 723 978 760 968 285 197 398 934 425 94 290 173 245 895 580 355 421 239 942 943 409 944 760 738 733 281 512 268 728 121 367 372 794 38 533 293 601 142 66 431 374 405 677 480 61 957 714 462 594 364 282 476 160 9 474 54 207 874 334 812 4 34 929 965 265 21 661 826 64 586 25 626 252 164 748 148 618 16 335 100 387 317 185 551 169 683 599 852 167 889 772 654 976 888 751 399 140 495 545 632 485 275 771 840 544 918 632 454 336 865 362 591 880 248 49 458 902 418 830 736 209 690 477 284 695 172 332 254 613 182 958 627 615 17 444 28 468 634 582 564 387 656 288 220 346 666 542 300 352 121 535 343 792 636 70 649 837 301 228 614 37 825 157 481 109 811 496 739 578 366 754 780 2 182 413 893 672 273 651 643 108 211 864 318 123 80 205 245 309 628 967 294 712 6 447 367 190 703 244 376 759 267 871 16 968 921 786 635 213 90 806 72 919 699 775 351 783 42 873 923 839 77 962 631 110 765 299 766 680 3 980 15 947 432 404 359 234 255 521 416 215 29 697 966 547 102 745 63 790 3 194 14 50 616 708 528 517 741 913 252 137 719 451 679 84 940 412 242 27 411 121 32 506 979 353 129 81 975 508 954 277 145 428 883 489 21 563 465 10 576 312 337 849 128 417 711 10 808 197 957 567 243 123 116 760 227 394 683 89 900 152 906 955 519 630 232 53 571 240 754 903 149 225 513 681 310 611 710 383 257 131 546 543 323 783 917 180 325 922 148 348 427 134 842 442 296 371 504 600 810 184 590 534 341 183 357 585 911 817 350 861 624 835 641 277 704 676 820 444 839 667 69 530 393 169 703 360 798 691 738 744 890 819 57 91 473 32 339 236 187 50 450 790 538 166 472 456 199 173 299 429 967 619 378 165 915 605 706 56 1 961 647 423 455 446 685 122 813 707 377 229 850 59 45 98 369 113 822 664 774 716 948 754 655 659 95 704 102 222 290 686 539 285 658 552 113 471 844 667 306 219 595 162 911 41 292 107 235 449 484 878 513 40 47 833 652 805 232 152 937 46 862 789 166 174 583 816 764 466 453 391 641 845 132 671 315 622 103 92 238 708 304 202 581 481 370 179 707 898 632 196 602 114 235 952 854 629 579 565 91 490 821 333 118 785 623 494 308 825 203 44 326 126 771 24 853 821 673 927 836 642 696 515 488 1 752 176 461 279 476 709 970 136 337 743 403 924 780 135 181 516
10
2 9 5 2 10 3 9 3 1 8
100
57 65 29 13 59 65 31 100 58 76 56 9 71 7 3 4 35 38 16 76 31 84 74 36 57 83 11 79 46 49 51 52 63 43 61 73 80 66 2 37 14 41 32 92 42 35 37 47 95 27 67 22 99 38 70 24 33 5 57 93 26 79 12 8 54 44 45 85 97 72 10 30 28 55 82 98 74 41 50 53 87 48 15 68 34 71 43 8 82 46 60 39 97 77 23 88 96 19 75 91
20
6 3 14 11 15 18 3 5 15 7 5 18 3 9 4 7 6 3 10 3
20
10 6 14 14 19 1 6 4 2 11 18 11 5 8 18 1 9 17 1 19
100
80 16 32 74 78 33 28 70 67 40 83 5 50 59 85 29 4 6 93 69 58 39 11 56 88 87 72 23 55 91 73 62 81 98 75 26 95 47 42 61 45 18 86 53 22 7 1 57 2 100 30 65 84 99 24 52 14 71 19 31 68 54 89 79 96 41 82 64 63 92 15 94 90 51 3 49 9 46 36 17 21 12 8 35 77 27 13 20 66 37 10 60 43 25 34 44 38 76 97 48
100
87 6 43 35 42 4 92 54 31 50 82 13 70 7 65 22 27 75 97 94 55 28 50 87 36 24 11 92 59 87 64 15 53 70 2 87 58 60 35 8 14 64 89 29 49 47 50 63 9 53 40 96 47 8 10 82 19 97 44 76 83 3 94 5 27 70 90 13 39 68 97 19 82 37 58 60 9 56 13 67 5 27 41 93 67 46 26 66 43 85 5 14 94 84 92 52 37 87 24 1
10
9 7 2 2 8 9 1 4 1 3
400
198 98 162 222 36 323 127 229 243 50 207 267 373 295 145 358 325 94 276 203 299 125 377 3 113 136 226 79 217 386 338 315 10 314 400 381 269 4 82 334 104 117 26 322 199 329 70 169 306 246 312 148 49 286 92 399 374 307 206 230 231 251 339 337 301 393 15 296 359 165 353 52 13 64 385 129 394 281 24 292 309 112 164 298 250 266 135 34 184 238 240 88 270 354 83 67 300 310 115 219 154 214 91 345 84 97 294 331 144 365 272 202 106 123 191 68 163 218 388 195 65 35 275 20 256 197 342 356 45 273 116 138 185 142 343 320 210 181 156 7 237 27 224 187 288 69 316 249 291 235 96 384 212 213 55 290 171 204 118 180 397 73 335 193 141 383 1 211 47 74 357 28 109 146 350 179 19 189 284 220 87 38 318 283 54 265 318 241 9 40 25 111 105 147 170 12 33 208 391 77 378 375 380 289 85 304 349 330 126 177 14 321 234 183 282 107 228 168 326 137 53 63 362 173 22 313 5 90 344 152 151 155 41 2 121 285 392 120 280 368 287 61 369 360 253 175 187 317 16 23 95 216 178 336 257 341 18 62 11 233 21 119 46 76 255 247 186 324 57 333 176 149 167 131 264 278 245 157 56 370 172 100 161 221 75 348 58 71 225 158 59 366 31 32 103 81 242 254 371 382 37 268 192 244 72 236 396 398 93 319 153 128 332 102 182 39 122 340 114 232 227 372 89 308 346 188 29 252 44 395 200 248 262 139 305 110 239 133 302 258 130 376 389 60 274 196 143 48 140 347 355 194 86 263 261 134 132 379 51 101 364 8 327 277 351 390 99 259 6 160 361 66 367 80 303 30 215 42 159 174 124 223 205 108 190 43 293 150 209 328 17 260 271 297 166 279 387 311 363 352
53
15 13 39 34 8 27 48 31 40 21 33 1 51 42 7 30 35 50 12 13 3 14 20 9 36 36 48 41 49 6 43 46 18 29 52 25 19 5 20 44 45 47 37 10 53 25 16 1 17 32 23 2 26
996
640 502 91 960 958 68 953 290 279 241 988 996 766 235 965 218 883 496 786 516 704 496 110 589 628 211 853 161 647 520 156 144 340 334 199 248 860 534 817 814 69 528 421 644 515 439 753 867 807 91 478 806 266 914 265 572 527 522 86 261 111 535 769 273 305 854 743 162 941 861 155 380 239 681 129 197 327 223 807 83 395 45 682 686 895 11 184 846 403 132 668 192 18 546 141 929 170 217 700 701 715 564 72 188 593 771 553 396 256 224 61 542 453 709 51 833 264 533 40 984 518 211 521 427 815 913 44 112 540 371 986 12 703 811 927 237 772 526 276 219 491 979 186 446 411 638 380 582 375 342 882 959 199 981 547 6 530 353 173 275 656 544 17 359 448 153 154 38 523 339 740 628 982 163 383 489 739 483 889 834 855 673 950 196 799 678 682 324 794 966 730 459 967 694 881 99 97 665 35 805 695 867 530 541 331 915 56 416 641 532 925 670 763 970 289 780 932 306 765 404 495 746 594 874 479 467 510 755 324 836 271 354 862 554 164 538 841 295 599 255 283 691 220 760 889 628 373 537 364 506 302 15 654 185 457 427 838 157 286 828 501 728 123 637 957 232 803 909 756 958 317 736 391 647 449 943 388 871 52 824 875 664 343 882 515 225 938 159 215 267 101 35 419 455 136 963 632 570 200 768 917 175 643 836 121 939 319 476 304 346 885 26 887 294 188 485 772 556 401 789 496 817 977 229 101 97 77 113 603 800 662 208 452 873 824 872 430 42 770 21 59 301 987 178 618 616 176 363 149 652 234 119 702 253 791 816 585 693 352 738 456 234 117 310 494 651 77 139 810 931 336 416 892 831 243 584 162 736 20 405 539 302 386 826 829 383 934 709 669 582 152 823 148 236 893 548 89 656 990 662 552 50 25 606 242 183 910 475 371 367 773 268 608 846 591 263 7 222 31 715 27 573 927 624 926 928 968 410 706 730 948 429 193 61 964 765 228 281 446 486 815 721 213 76 864 7 562 8 903 459 761 697 252 657 578 604 931 935 764 412 638 901 45 181 712 19 583 20 229 732 545 905 685 834 768 838 424 560 29 900 245 876 73 971 413 394 387 508 580 847 366 282 490 904 50 844 256 750 250 289 898 4 606 464 411 566 749 443 782 143 520 483 586 503 285 507 371 308 344 587 486 773 488 160 643 33 171 519 627 813 145 212 311 444 714 705 699 236 78 820 734 389 920 579 674 972 351 504 657 129 895 692 676 675 60 318 350 304 269 819 592 775 710 660 982 783 808 1 810 232 159 879 272 207 363 760 801 597 752 531 540 390 382 360 821 569 74 822 39 54 610 194 115 529 348 387 922 735 356 866 40 331 487 458 884 404 16 192 71 796 474 100 744 824 190 695 161 646 843 220 610 959 638 949 499 819 629 58 866 711 955 432 292 216 595 557 10 315 94 946 109 924 894 96 415 689 588 190 757 72 174 739 102 5 364 398 649 610 627 961 285 331 926 509 672 647 883 605 774 46 688 665 808 229 845 795 298 503 785 14 936 111 919 609 182 560 489 259 431 556 428 840 774 189 616 663 725 247 270 905 891 412 937 83 291 762 832 954 381 536 747 434 945 390 400 635 556 399 831 661 942 133 684 89 472 33 49 262 376 430 297 568 830 287 732 14 986 720 890 353 856 157 23 625 198 13 167 802 426 718 435 579 713 205 45 642 555 398 131 482 498 231 337 379 128 636 792 205 541 384 745 679 411 107 538 479 22 328 400 911 752 465 198 74 2 645 47 142 974 5 347 447 168 837 338 728 151 450 255 864 64 487 305 952 590 108 226 832 350 62 780 119 993 316 296 37 696 707 983 327 129 233 842 633 375 932 764 27 944 357 238 545 742 510 767 386 418 120 177 451 191 368 147 989 849 551 978 762 361 142 755 724 249 664 916 641 814 758 954 598 307 543 299 422 970 787 481 249 782 763 160 801 835 630 653 414 269 95 902 854 402 533 438 48 900 131 589 236 165 314 320 683 247 265 201 31 840 973 778 500 751 130 12 985 472 168 486 646 559 966 81 522 905 441 580 442 333 76 105 861 452 607 813 634 215 752 341 436 437 487 537 392 300 323 561 166 475 393 9 842 878 303 671 829 975 612 243 211 490 759 506 752 209 731 571 312 991 270 723 980 406 729 859 349 398 478 569 527 509 262 142 569 656 69 716 920 168 836 136 277 748 335 135 863 461 221 574 330 184 212 67 672 992 722 270 865
1000
940 330 883 873 223 810 829 725 622 115 592 784 142 791 949 939 289 533 715 669 945 743 322 841 184 733 387 686 471 651 149 531 292 550 587 814 17 625 243 416 271 372 819 430 554 582 27 70 692 368 565 703 34 327 246 845 608 160 50 745 905 573 487 239 184 451 393 461 738 164 861 951 57 988 500 94 28 50 517 525 344 654 276 602 362 805 934 17 253 74 930 615 217 755 135 859 514 742 47 573 782 408 945 718 743 575 424 246 133 1000 680 468 910 967 159 101 148 922 985 129 934 715 947 295 244 468 674 560 941 47 575 900 513 411 98 147 920 22 728 681 100 268 702 20 100 369 461 982 470 235 168 896 574 598 104 843 814 857 958 635 836 64 263 647 598 870 320 600 896 146 111 740 824 924 939 620 834 858 378 666 645 672 788 872 936 79 504 673 739 984 368 736 201 726 767 245 35 472 950 346 430 819 551 215 200 91 389 256 36 338 632 625 666 771 635 670 467 979 654 669 865 47 520 753 489 146 683 100 205 239 555 404 50 553 986 277 752 578 889 662 741 923 293 176 482 623 749 416 231 997 441 604 87 314 976 788 121 51 34 820 128 881 890 299 204 833 892 85 43 463 219 255 905 642 259 35 279 839 606 138 804 105 848 388 748 835 437 445 849 55 910 885 822 583 608 504 513 873 15 687 780 131 854 634 632 407 614 970 57 269 333 345 513 735 384 399 486 774 864 212 128 247 228 167 820 587 218 521 98 767 123 7 230 209 493 995 941 887 518 882 643 984 972 960 769 662 359 571 387 21 698 117 864 100 869 422 197 864 803 804 701 527 972 633 284 981 909 84 540 404 730 203 483 874 388 42 927 656 933 36 189 257 624 725 798 75 911 769 651 282 964 884 763 890 582 836 109 10 480 304 941 129 724 433 418 511 873 941 740 436 827 153 6 434 23 318 680 143 733 221 330 804 621 586 276 664 450 268 44 339 850 566 977 821 12 381 180 286 326 846 597 898 122 664 446 369 889 794 914 357 224 381 443 264 790 772 925 175 548 595 409 863 683 486 729 787 35 356 199 851 208 498 585 247 52 979 889 925 922 972 977 138 957 680 677 393 136 274 194 746 397 591 485 853 774 232 10 741 365 709 101 746 43 382 428 347 76 923 663 848 24 972 77 419 309 790 542 767 192 563 435 134 216 869 804 478 180 43 844 904 595 788 320 276 174 968 296 226 148 845 240 928 298 398 77 313 17 258 947 919 553 986 763 664 602 632 158 166 563 599 569 597 387 979 953 588 229 549 907 924 647 519 941 567 463 638 537 423 41 620 68 41 257 655 366 474 642 424 892 555 681 354 893 367 671 648 479 972 464 1000 720 431 393 494 391 833 104 574 246 275 552 257 767 496 294 47 687 484 923 577 429 720 400 646 93 580 960 633 765 727 895 609 8 548 54 205 51 759 480 452 712 876 498 935 455 722 787 222 268 176 834 781 444 376 947 162 435 268 472 428 184 48 662 901 796 907 522 527 964 639 448 76 342 359 328 155 122 944 327 788 354 322 857 862 182 670 865 375 398 138 767 272 588 930 632 964 615 33 891 667 719 96 772 922 568 807 778 760 952 854 234 630 119 331 430 969 352 806 920 664 299 558 247 603 153 399 949 947 496 174 40 823 238 236 849 128 710 151 8 996 886 767 456 685 980 798 655 179 839 682 453 876 765 937 967 799 877 547 971 887 548 855 817 181 871 889 730 111 193 233 1 581 815 804 962 570 986 40 914 662 339 769 299 72 833 452 800 454 446 324 843 919 932 527 711 203 689 662 1000 151 857 433 109 674 589 974 690 135 24 626 991 302 305 22 40 609 485 629 665 414 946 674 539 184 219 677 716 60 716 21 214 374 439 40 430 867 262 462 267 334 410 692 563 854 135 342 452 651 188 26 655 626 7 391 752 923 321 885 552 365 382 871 881 45 616 978 839 524 665 41 846 542 500 881 824 786 575 515 361 918 28 720 59 468 404 517 34 233 489 286 754 475 748 175 221 784 124 568 19 451 699 102 725 374 732 401 543 419 89 826 993 578 281 590 633 372 222 331 422 844 344 534 784 847 363 60 731 745 598 248 264 579 274 648 752 501 467 485 609 515 491 111 374 14 136 721 394 878 120 481 287 545 392 99 10 872 916 688 46 953 979 458 682 289 747 335 245 73 656 161 9 242 975 791 863 761 128 695 665 627 322 791 662 343 863 412 548 990 341 527 446 803 488 789 181 193 29 683 427 918
59
24 36 44 29 26 37 59 20 5 30 39 56 43 17 57 33 28 23 53 40 42 14 34 3 55 49 1 16 7 47 50 58 11 2 10 19 21 27 57 54 34 45 4 6 55 59 15 7 25 46 18 9 29 35 21 15 12 52 41
10
6 7 10 2 8 4 1 2 3 9
572
527 410 178 25 260 431 174 210 532 329 330 298 333 447 411 79 377 486 139 449 145 71 29 224 379 153 525 91 534 208 46 312 332 487 147 325 168 108 380 129 539 248 204 52 283 246 112 360 143 393 90 358 570 303 45 265 238 190 505 261 9 218 501 278 335 216 550 304 494 161 438 559 374 164 166 73 291 13 288 502 311 320 279 197 77 378 419 198 226 548 331 100 167 271 302 383 65 343 567 236 227 441 230 452 362 465 74 415 146 228 50 342 538 262 159 481 119 369 476 249 341 317 114 130 563 549 220 328 247 272 371 461 336 364 516 376 128 82 134 239 12 423 51 506 391 211 35 324 426 83 206 351 170 101 183 196 188 233 115 264 240 361 290 306 388 55 162 37 141 477 323 356 318 483 184 512 4 3 471 199 529 285 464 456 363 209 32 308 309 121 251 412 517 258 124 425 34 293 259 232 64 507 551 133 440 151 242 137 69 466 407 61 138 370 267 485 93 15 553 219 546 503 403 225 127 558 154 179 86 475 176 200 26 437 148 552 555 401 396 70 191 275 571 142 23 340 394 499 480 421 158 513 88 316 195 467 18 339 118 212 289 521 420 359 489 132 429 524 504 42 76 135 20 310 439 62 276 469 177 235 96 367 414 244 381 519 257 98 187 102 462 541 63 490 493 556 562 149 47 544 253 245 568 30 41 205 572 156 535 434 424 60 500 215 27 254 384 94 57 213 457 540 21 280 270 319 95 510 418 24 105 397 515 89 175 386 49 443 181 435 6 299 155 528 305 557 300 1 38 402 520 67 113 389 484 463 385 44 252 545 185 152 217 348 81 78 451 346 428 442 416 126 17 526 28 173 554 282 150 409 417 543 48 122 169 110 203 165 334 171 390 221 530 97 314 189 365 292 354 5 326 33 85 243 273 19 109 180 430 256 547 144 453 560 531 131 268 522 433 523 250 11 284 473 157 357 472 533 395 39 106 353 474 10 31 92 234 22 116 53 387 194 123 16 315 498 59 201 405 40 561 104 382 536 322 450 8 229 542 569 355 223 496 444 2 321 58 186 373 172 43 349 492 398 313 482 241 350 446 99 207 345 7 54 347 518 84 136 404 277 406 478 454 468 237 470 368 372 36 565 301 352 222 408 14 192 436 307 344 68 296 231 80 56 366 255 103 495 566 445 274 338 72 182 375 488 491 459 214 427 111 400 269 327 479 497 66 202 399 455 537 509 413 87 281 266 294 337 140 160 508 117 422 448 287 511 295 432 263 75 458 193 125 460 297 286 120 392 564 107 514 163
200
91 135 10 51 155 184 60 78 180 114 187 6 150 51 131 153 22 132 128 147 180 39 35 49 108 152 25 48 72 156 116 159 8 2 1 69 42 6 121 12 84 123 62 40 6 179 12 138 83 125 63 17 154 99 117 166 193 135 82 126 183 82 108 41 68 119 44 191 91 195 59 126 175 126 152 67 45 152 175 43 99 165 92 144 57 3 179 107 44 110 21 5 19 41 9 110 35 79 11 164 32 140 196 66 73 194 85 109 137 140 21 92 162 20 24 150 89 30 18 123 119 190 139 80 65 44 123 131 95 51 10 67 61 95 86 180 53 57 70 92 45 62 117 176 77 38 164 68 40 138 155 49 167 143 82 154 27 154 127 155 31 57 118 86 35 122 95 163 47 66 167 32 24 7 64 171 95 26 11 176 95 52 158 80 46 179 132 40 106 48 105 143 50 163 74 183 18 106 147 105
160
3 10 4 107 2 62 121 126 108 70 50 77 134 1 112 63 138 136 72 129 69 64 159 59 79 35 133 98 27 116 110 159 124 54 130 22 18 32 14 73 144 68 132 130 31 150 122 82 104 146 42 21 48 29 52 145 95 114 17 55 142 84 42 109 46 76 127 25 90 38 80 113 7 93 62 115 16 154 102 57 139 125 140 53 38 128 101 78 153 129 43 94 19 15 28 56 11 120 39 97 86 24 88 30 149 75 37 105 92 13 33 26 160 9 147 117 96 89 112 111 118 5 131 61 83 36 54 143 156 123 99 81 45 58 91 87 103 152 106 49 12 47 8 60 74 41 158 65 155 66 118 100 137 67 40 141 91 71 148 135
10
4 6 1 1 8 7 9 4 8 2
51
10 8 20 37 44 4 11 51 26 17 45 33 1 39 7 36 9 46 13 6 29 18 26 30 24 41 42 21 15 35 19 3 5 49 40 32 23 31 14 50 47 14 2 25 27 43 23 12 22 48 39
100
42 45 41 24 78 20 66 7 50 4 68 54 85 99 49 67 53 12 49 94 76 37 73 60 23 88 22 63 10 17 50 85 39 96 36 93 8 27 72 39 17 25 42 43 74 75 89 70 28 16 86 57 83 71 47 8 30 24 16 95 84 98 13 39 92 79 2 65 46 5 69 35 61 77 26 70 9 100 38 1 27 14 62 80 34 92 11 90 76 12 97 82 91 10 6 19 40 52 87 55
10
10 8 2 8 9 7 8 5 7 1
10
6 7 1 3 6 2 2 6 3 9
20
2 8 14 11 9 4 20 1 5 2 14 2 8 16 1 8 7 3 9 3
3
3 1 1
3
2 3 1
50
8 20 17 20 7 5 50 13 25 27 42 16 8 31 18 12 3 31 37 2 22 49 41 11 9 27 10 25 14 24 14 10 41 4 36 49 28 10 50 48 33 11 34 40 11 33 23 40 36 7
100
38 21 14 81 61 82 3 93 45 87 71 88 82 77 59 26 64 84 7 40 98 57 17 48 1 83 76 26 25 85 65 8 81 11 87 49 36 44 63 100 72 23 67 54 50 90 22 13 22 15 16 53 24 37 70 13 99 30 8 34 36 43 45 55 46 35 95 19 89 63 92 39 95 57 64 28 17 30 6 27 41 12 18 52 62 46 68 4 21 25 60 66 60 70 86 61 95 80 20 9
100
62 25 28 26 64 40 84 93 50 70 100 37 47 18 66 36 21 14 73 91 17 65 60 42 2 4 54 3 87 63 71 48 59 88 78 16 12 39 38 6 83 24 89 49 56 92 13 32 44 9 96 97 77 27 57 45 55 82 33 23 69 1 30 5 22 15 75 94 61 10 31 81 19 76 67 74 53 35 90 86 72 58 41 7 98 80 29 34 43 79 20 46 8 68 99 51 52 85 95 11
53
8 33 4 53 34 7 20 6 33 2 45 14 26 28 16 40 32 27 24 41 50 31 21 3 15 30 53 10 1 46 39 19 20 43 46 37 48 47 12 49 9 51 13 35 5 48 42 44 52 29 18 36 4
10
3 8 6 3 10 7 10 7 10 7
100
81 55 31 10 76 64 88 25 52 47 29 11 43 36 37 8 26 71 73 95 69 40 61 17 15 7 87 78 92 42 56 93 96 72 4 12 100 99 34 57 86 74 63 65 77 79 46 13 51 54 18 3 20 62 22 91 94 28 83 80 44 98 16 49 6 67 58 85 83 24 2 45 66 14 68 30 70 38 1 75 97 53 59 48 9 84 32 35 39 89 41 90 23 19 21 5 60 27 33 82
20
2 14 4 19 18 8 2 2 3 3 2 3 17 15 10 13 18 3 4 8
573
430 119 539 509 225 467 528 238 323 383 450 309 244 104 404 300 432 495 277 158 419 96 201 63 57 206 360 59 481 373 4 460 267 308 407 1 320 341 106 354 327 417 486 557 17 167 27 61 209 459 142 66 479 19 527 116 414 205 15 325 76 21 532 184 503 564 510 485 568 493 343 497 292 484 79 534 316 505 139 203 70 276 440 107 121 94 259 234 488 342 451 346 449 131 494 37 198 99 546 247 386 120 423 216 385 281 499 464 367 511 10 279 401 566 178 138 288 134 249 268 554 243 408 160 519 219 398 543 126 78 183 162 143 105 388 347 260 361 254 229 301 51 133 40 515 54 478 182 155 311 132 14 222 496 553 221 472 529 428 326 507 297 152 16 502 312 280 271 3 445 275 80 84 394 487 168 453 220 274 317 441 148 403 544 25 356 191 570 187 159 273 304 369 561 236 282 525 136 73 127 290 122 172 382 77 227 224 179 101 33 562 498 520 531 207 397 302 421 129 115 540 164 492 266 348 549 530 43 140 461 380 462 208 87 468 344 239 402 45 331 154 35 392 565 8 5 231 400 390 508 109 482 47 174 365 550 551 124 60 255 340 285 153 455 413 74 475 102 406 163 89 195 420 438 171 82 146 307 251 114 270 169 91 180 23 64 245 474 67 332 41 262 130 547 436 226 261 71 350 263 141 395 147 111 233 83 435 465 97 393 90 305 391 335 471 58 258 555 166 372 548 412 558 490 396 374 569 567 214 333 24 446 18 241 11 44 173 193 437 117 194 112 572 399 296 22 29 9 444 376 88 295 150 144 196 541 272 181 560 176 306 284 287 458 6 75 108 230 42 7 355 92 469 313 103 299 85 379 211 429 439 204 202 212 156 49 512 242 542 457 339 31 310 366 264 351 338 559 357 513 68 368 545 28 283 269 135 123 95 415 265 489 248 72 442 218 364 20 334 189 535 456 110 533 454 161 536 483 26 46 426 500 491 371 69 53 362 319 329 56 321 425 345 516 452 199 377 476 506 336 405 170 177 518 526 422 470 12 522 463 363 250 113 353 257 293 291 387 52 2 13 563 232 65 521 480 50 303 352 38 328 349 375 215 501 552 324 253 411 175 318 538 246 358 431 573 524 55 157 256 32 286 151 424 556 514 389 443 192 289 48 359 322 93 188 427 433 410 128 278 210 477 100 185 517 217 118 370 252 571 381 240 235 190 149 418 228 223 434 384 62 378 125 165 86 98 416 409 473 237 34 537 294 447 197 298 314 81 200 504 448 330 337 30 315 36 39 213 137 145 523 466 186
20
9 18 12 19 8 3 5 2 10 20 5 15 12 12 9 19 8 5 1 3
969
542 722 908 26 303 739 4 698 580 488 96 411 776 119 769 214 804 330 219 190 697 561 259 499 246 936 867 231 184 527 485 174 193 132 455 699 440 600 84 419 726 449 634 716 131 16 706 388 20 809 143 336 150 948 806 33 889 193 249 160 294 288 453 395 243 296 215 707 835 830 320 405 229 824 528 534 309 38 654 577 901 165 308 228 853 255 628 752 63 224 179 606 814 560 182 377 925 854 53 467 384 591 861 271 378 638 532 163 225 695 5 276 426 786 147 874 47 746 595 553 583 532 471 367 747 297 198 393 146 325 75 114 670 314 918 170 785 859 957 792 357 88 134 409 645 110 586 394 649 461 938 319 760 313 168 907 299 866 856 541 431 187 1 448 754 793 606 503 46 653 788 333 601 890 545 198 938 487 510 327 607 489 316 868 496 424 324 73 878 322 60 177 547 258 476 40 438 191 307 643 270 155 389 295 266 585 789 685 529 552 587 900 315 741 496 651 862 644 174 457 315 150 201 230 22 615 49 894 759 768 742 816 256 148 252 204 813 298 427 470 501 619 948 632 379 349 27 876 661 128 739 504 749 399 61 720 665 694 911 917 552 836 533 871 420 621 794 6 380 829 520 746 374 424 544 326 371 436 139 952 863 456 910 574 335 175 751 118 860 680 718 772 74 524 857 578 401 567 573 172 516 669 233 429 737 169 509 457 868 209 437 826 724 50 94 62 673 784 618 135 506 71 6 482 311 786 888 107 161 763 486 64 341 603 675 205 439 502 189 678 138 137 882 514 565 953 550 275 582 811 701 898 397 347 750 393 162 691 381 843 795 681 636 130 598 714 82 10 373 319 235 125 968 728 939 104 395 893 592 702 445 498 926 704 94 921 410 350 78 237 941 145 653 745 281 945 588 969 828 48 927 846 216 729 12 764 762 346 29 25 557 625 710 469 543 8 838 903 332 963 770 915 348 588 100 232 897 200 34 91 958 94 614 490 364 468 616 631 774 334 86 240 617 847 85 368 858 623 418 359 891 211 19 805 310 32 6 479 118 881 633 584 226 536 705 640 290 562 639 596 270 287 605 120 483 892 103 739 500 851 402 808 188 300 823 304 144 869 767 559 221 949 23 548 372 575 875 964 90 196 526 612 329 68 699 905 213 575 223 735 345 156 306 880 609 644 421 928 442 133 111 656 13 17 637 465 56 337 183 525 108 328 370 758 264 11 215 346 519 422 260 158 878 535 361 425 646 662 417 480 227 664 593 116 633 666 363 248 400 943 672 683 210 870 530 430 844 779 142 37 396 375 447 33 578 124 935 883 203 771 790 904 721 895 206 413 511 491 606 622 355 67 723 239 81 247 121 331 832 632 744 944 581 947 211 822 195 934 382 870 191 942 338 459 197 181 321 7 725 238 234 83 178 408 692 244 820 126 775 265 660 920 302 522 773 194 283 441 494 344 109 627 755 712 114 140 454 475 571 106 810 473 739 845 414 123 516 951 141 57 730 412 352 799 3 317 315 709 353 242 444 937 663 14 451 171 18 965 153 648 404 343 837 471 342 115 689 966 59 31 433 840 42 244 495 277 513 682 393 207 686 77 362 278 272 946 885 159 95 474 848 695 602 803 833 568 72 579 296 554 887 570 531 753 241 52 872 831 877 452 149 461 739 551 358 312 713 699 222 286 43 717 30 641 787 318 801 492 403 386 254 802 757 906 700 563 967 443 690 219 284 460 391 98 97 849 89 383 635 309 293 850 929 164 234 515 432 800 15 446 834 76 296 262 369 117 594 916 387 566 202 873 407 699 766 782 176 715 435 21 245 236 127 652 909 655 152 458 101 390 512 899 962 79 102 684 507 604 633 493 674 879 450 687 703 743 157 280 796 679 956 919 731 668 2 69 626 841 630 282 87 376 253 798 105 781 817 212 365 180 289 924 93 477 269 305 756 392 922 959 587 428 351 938 379 464 39 727 257 315 261 80 540 923 339 360 423 483 302 152 549 462 733 825 58 408 292 664 481 950 797 960 497 112 41 624 576 693 780 354 466 24 263 377 173 708 70 913 650 647 35 366 748 599 955 821 166 28 597 734 839 815 415 67 9 406 912 775 736 556 457 222 273 677 812 484 113 356 658 711 291 791 818 398 518 154 245 243 855 463 688 961 817 914 613 696 208 761 517 569 285 611 807 546 521 827 740 199 629
10
2 7 6 8 4 3 8 3 7 1
400
122 250 124 270 118 213 84 111 90 326 119 96 226 240 251 367 309 375 307 143 292 16 331 149 263 100 70 340 235 120 293 103 256 54 341 260 105 59 162 58 211 229 118 151 346 41 108 191 39 215 327 280 246 236 163 104 132 117 314 138 176 269 395 49 228 257 183 27 198 23 74 359 63 54 55 151 163 223 239 393 313 328 134 174 334 365 320 345 123 105 168 144 173 387 47 369 261 272 302 89 197 248 277 153 165 360 156 324 133 42 98 287 259 382 183 147 282 357 373 220 351 279 66 241 227 99 26 249 339 350 339 251 258 342 130 116 174 196 194 136 158 79 154 168 329 218 3 97 400 167 276 73 90 4 385 179 20 398 169 285 172 142 106 326 94 14 121 264 286 54 355 185 380 74 85 304 35 207 220 342 217 16 175 166 370 128 67 65 71 370 180 308 79 316 143 121 389 22 116 173 211 204 183 333 219 175 229 53 171 208 86 8 294 209 262 305 207 44 212 69 384 370 275 102 126 45 80 336 2 273 41 125 315 4 75 247 46 307 112 84 216 394 139 349 56 253 26 337 47 376 187 290 205 319 171 88 188 172 214 97 263 383 157 27 397 51 325 323 186 24 159 233 293 364 366 358 64 36 36 283 265 17 146 117 266 290 352 87 20 281 384 78 57 43 36 285 43 245 9 152 56 291 129 354 338 26 145 136 325 206 1 82 321 140 311 377 312 299 372 32 332 160 86 21 13 155 356 208 46 81 370 388 361 224 271 317 382 61 177 330 399 288 316 184 204 11 344 243 23 322 18 181 135 150 92 215 347 256 243 6 129 14 251 48 158 72 227 399 269 107 38 230 298 146 135 242 225 200 392 300 38 335 238 254 113 159 29 326 28 5 267 228 274 396 40 381 378 283 12 197
100
7 91 48 19 81 33 29 84 42 43 80 13 12 47 29 14 65 93 98 87 58 62 19 56 17 71 91 83 7 84 82 74 70 56 70 77 95 8 86 16 47 82 94 62 67 33 92 87 63 1 12 86 92 91 81 24 39 84 83 98 59 48 13 74 50 13 15 58 16 33 74 86 23 91 28 87 83 5 46 48 5 33 59 8 38 90 48 69 56 52 74 47 38 13 83 12 32 19 59 47
1000
662 395 567 971 931 19 581 791 820 711 144 140 719 308 74 60 428 991 367 313 193 634 508 466 458 182 727 106 298 981 595 987 343 779 975 189 65 323 689 929 994 482 731 912 782 411 976 584 988 267 25 68 528 329 989 859 457 149 177 695 174 409 696 907 940 900 366 562 756 400 161 714 319 348 242 133 523 930 793 742 754 639 254 968 844 804 222 723 962 369 627 281 890 615 191 905 717 784 352 783 477 266 753 199 861 665 230 13 150 850 745 220 426 990 875 591 453 883 11 389 970 289 357 115 502 415 61 741 111 730 600 62 465 227 882 748 759 30 569 871 806 755 737 27 340 192 22 125 423 336 205 613 485 473 390 893 277 762 480 238 526 606 576 201 207 621 935 225 233 894 165 159 249 747 982 663 122 356 290 632 497 862 848 506 45 864 521 371 31 801 446 437 887 476 226 268 18 258 28 103 769 455 961 808 279 807 176 787 418 112 287 41 130 602 664 445 707 548 616 434 322 608 529 898 578 241 701 939 775 432 855 611 23 997 237 766 942 960 63 763 379 570 722 950 365 334 840 876 213 841 853 624 899 479 800 709 102 735 218 910 868 251 39 358 262 21 655 376 312 652 815 726 597 50 918 672 767 851 163 572 478 135 552 221 382 836 586 314 550 89 927 690 582 816 393 481 617 190 345 69 592 488 99 151 563 680 146 675 378 350 80 622 630 736 330 866 206 827 303 980 514 969 129 202 178 247 977 70 487 692 271 430 865 104 211 52 195 2 304 594 966 519 992 751 532 649 685 208 598 494 858 515 965 857 838 405 491 124 310 131 833 610 760 504 549 653 88 157 499 46 824 686 963 773 954 638 154 76 188 321 744 510 85 53 895 420 603 6 273 947 661 401 700 972 368 878 113 328 299 373 637 127 644 771 796 659 38 265 537 315 712 995 424 252 148 671 257 702 792 619 993 558 456 200 580 633 441 536 217 372 958 94 842 721 651 116 421 183 181 679 496 285 902 48 789 179 439 944 169 461 250 998 886 915 693 938 849 533 795 513 512 909 636 628 867 951 353 292 561 185 396 920 380 307 648 1000 590 145 246 535 573 32 172 534 462 559 451 641 752 673 925 394 772 383 531 498 452 245 417 668 821 259 682 35 186 544 825 243 645 757 917 856 708 244 724 493 657 98 516 691 78 82 599 765 605 261 12 311 798 629 666 732 302 468 360 967 814 326 33 738 507 667 725 447 36 489 720 921 216 375 198 728 229 342 936 571 419 274 139 92 160 470 49 97 746 187 553 585 332 338 870 239 973 932 337 341 996 530 845 269 540 276 362 734 459 294 121 524 210 397 733 934 58 87 786 43 955 897 16 284 101 698 750 438 8 749 240 109 414 137 471 384 324 327 454 317 906 255 306 941 788 212 631 891 141 26 656 914 623 813 522 560 888 9 703 37 881 309 296 10 948 705 427 794 928 945 984 564 937 588 503 105 399 828 780 539 776 325 589 114 525 926 197 349 425 75 501 729 743 402 364 83 286 520 892 483 546 879 704 283 138 551 774 687 248 387 823 429 17 832 843 916 626 566 147 901 120 404 81 495 224 57 108 235 715 388 545 42 908 834 574 316 59 301 835 500 403 272 555 826 132 215 448 374 256 84 422 24 873 543 527 957 142 155 952 162 985 885 196 29 640 486 847 171 620 660 167 410 346 475 14 596 777 136 607 699 974 635 442 168 293 100 107 819 270 822 697 398 180 444 959 803 134 64 933 837 260 214 781 810 978 877 351 40 96 983 335 219 884 802 54 464 706 7 654 232 152 474 56 66 778 797 812 55 320 986 911 618 433 817 658 333 716 204 511 460 413 919 300 164 889 119 91 278 173 153 339 575 170 408 275 435 156 646 469 860 385 593 557 406 818 999 126 643 377 565 713 431 282 541 684 913 355 505 370 264 764 669 295 407 5 517 642 538 718 209 896 647 344 359 874 20 123 903 943 231 677 670 280 964 509 467 568 436 923 956 291 472 579 831 44 809 830 158 288 904 490 846 331 47 805 922 194 72 391 34 542 86 228 128 577 463 381 263 73 761 770 166 601 492 110 852 484 979 949 443 946 681 676 236 839 554 739 785 694 1 440 416 625 758 93 450 678 854 67 412 583 449 77 740 556 203 829 117 354 184 609 363 650 175 811 223 118 79 547 612 297 688 305 790 953 799 674 880 863 518 869 872 15 143 90 587 604 51 71 386 361 4 614 95 392 318 253 683 924 710 768 347 234 3
20
11 14 18 5 18 11 18 4 12 12 15 18 2 3 4 7 8 12 5 5
1000
744 177 287 518 178 861 132 632 75 699 862 740 145 3 317 516 743 245 279 967 927 833 662 817 152 923 90 694 221 875 648 921 905 936 514 432 755 4 101 843 301 666 983 349 294 241 581 616 628 524 664 939 395 114 135 777 996 96 669 170 787 385 289 214 557 884 697 186 99 124 545 120 248 660 510 196 615 371 12 501 826 58 984 678 873 572 571 850 36 92 37 28 312 7 204 399 753 578 966 88 64 11 837 188 231 256 944 844 691 51 189 438 802 467 309 382 810 162 129 698 453 288 906 498 134 388 517 377 240 828 39 367 56 127 466 522 175 160 683 780 443 864 161 159 422 72 254 667 154 392 259 751 269 556 776 206 719 803 380 761 586 378 187 213 180 757 292 122 782 842 806 563 932 93 185 190 255 904 347 931 792 54 591 201 142 48 267 487 784 15 116 464 650 74 47 621 785 408 492 796 17 246 362 603 798 680 972 174 549 720 872 199 78 617 60 345 686 585 26 688 249 790 106 128 358 41 619 658 811 181 257 354 935 595 815 504 156 253 490 321 307 310 692 356 506 46 400 525 332 353 509 999 77 574 887 579 845 337 597 813 531 319 451 410 879 934 717 95 546 668 118 532 868 836 882 104 182 994 479 486 769 420 505 195 700 791 831 163 311 139 20 652 527 268 902 32 696 198 375 986 219 649 376 659 458 953 111 891 898 448 853 835 229 916 997 734 68 305 555 247 730 419 795 370 636 819 421 913 499 430 484 727 969 314 568 926 857 442 220 854 604 363 958 656 192 645 393 930 542 330 291 320 807 364 982 848 200 150 655 252 336 830 80 34 14 426 242 342 513 284 489 553 723 693 912 55 343 79 584 508 736 414 225 657 437 534 644 860 735 773 461 281 840 424 493 223 33 452 535 19 389 462 84 167 979 742 394 600 633 870 9 992 690 387 814 941 18 799 952 888 212 70 626 359 682 348 537 260 754 444 708 103 990 624 596 230 766 533 477 483 947 435 800 45 570 590 793 980 218 539 928 756 981 874 892 251 31 642 440 207 715 647 109 970 605 69 194 943 282 713 147 721 661 738 929 87 239 878 594 115 583 2 917 121 126 327 141 234 125 50 436 61 960 612 646 35 974 300 1000 637 473 973 83 224 406 63 963 869 763 1 155 625 961 995 191 329 789 608 140 210 266 747 351 130 783 834 344 137 942 710 631 543 685 274 977 976 81 429 551 954 765 335 308 82 684 315 497 316 205 447 865 227 838 476 601 478 13 886 871 737 726 702 820 27 729 676 809 852 401 409 964 602 530 470 202 950 112 176 752 786 703 911 302 561 805 701 431 341 328 881 280 228 630 232 22 552 53 512 580 434 643 724 297 733 411 298 937 217 746 117 500 384 622 554 528 8 771 457 119 91 794 940 709 71 123 428 989 286 654 396 639 471 575 758 801 86 383 405 482 821 704 360 271 16 818 949 779 285 222 991 521 825 488 481 456 323 73 425 623 520 598 849 671 322 166 588 544 547 169 233 42 965 577 706 712 788 250 25 663 398 559 565 722 536 770 172 855 272 948 978 915 265 841 919 346 993 283 951 890 243 460 526 959 236 494 507 764 562 334 40 593 607 908 885 318 413 491 211 681 113 725 5 100 290 238 957 975 149 21 427 609 146 672 171 971 306 955 924 689 909 847 23 938 569 985 165 816 576 827 846 418 573 496 108 728 433 515 541 962 502 295 611 829 665 136 679 774 896 412 333 767 463 863 475 110 164 670 566 485 550 653 731 540 258 687 529 748 416 469 567 716 179 903 956 918 263 216 76 262 589 988 94 313 153 781 629 968 946 889 226 423 523 391 472 24 97 859 102 235 209 613 270 355 558 897 237 768 38 587 215 10 914 168 638 133 894 49 606 711 107 59 839 808 760 465 474 705 503 867 131 325 450 183 741 303 707 331 52 922 866 823 203 184 397 403 998 304 89 293 778 745 635 822 244 296 197 324 877 548 876 560 264 30 352 374 381 901 379 417 340 627 29 695 365 987 640 273 441 43 511 143 404 386 151 357 468 276 925 618 895 455 899 634 415 718 138 67 762 610 369 599 372 732 832 338 851 519 910 85 261 750 495 538 157 193 407 739 275 677 582 824 812 651 366 749 614 858 933 278 277 759 714 144 98 945 772 57 445 208 158 620 390 592 439 673 446 675 148 105 454 907 299 920 62 350 6 856 880 797 44 883 775 361 480 564 66 339 900 804 173 641 368 459 674 402 893 326 373 449 65
100
8 29 61 56 10 5 34 92 71 95 46 17 27 38 40 26 22 59 87 64 57 45 88 85 98 91 54 11 44 60 90 18 93 66 77 69 86 100 4 42 33 2 13 76 74 7 80 52 58 28 19 75 72 23 79 3 84 1 48 37 51 78 36 62 15 30 97 20 21 49 68 63 32 82 94 81 14 89 41 99 39 96 50 12 43 31 9 16 24 55 6 25 35 47 83 67 70 73 65 53
100
43 16 62 67 13 22 74 75 97 14 33 60 5 10 86 2 82 98 92 79 58 6 57 55 65 36 89 63 42 84 46 53 11 49 37 26 35 44 85 100 93 29 1 38 91 31 71 83 34 61 66 73 32 88 24 70 23 21 77 12 50 3 28 69 25 51 4 72 64 56 47 68 52 7 8 94 59 87 20 99 90 17 48 30 39 15 78 54 27 81 45 19 41 76 96 95 9 18 80 40
871
488 269 800 770 859 608 715 578 318 289 681 32 22 156 665 824 403 33 103 758 263 858 358 159 150 5 166 39 436 452 360 204 224 189 402 766 110 729 208 266 325 657 211 346 390 472 617 410 567 837 698 373 133 202 502 826 21 137 423 806 120 55 720 809 295 552 830 784 298 511 377 755 164 260 434 3 817 254 219 359 461 558 338 616 594 343 193 799 791 393 818 601 739 87 683 420 257 662 76 454 596 109 334 732 198 323 847 24 251 247 165 827 95 157 829 675 487 268 756 226 623 347 718 695 738 513 545 492 1 719 871 97 6 15 448 129 642 364 35 153 207 31 380 51 453 233 534 149 838 313 155 61 253 669 169 870 583 508 416 372 172 615 58 654 161 440 790 514 526 437 832 387 749 679 489 239 443 280 519 725 220 285 388 206 90 835 152 867 641 43 57 265 4 610 801 522 559 533 854 556 262 412 703 869 227 60 104 636 459 516 305 844 864 735 292 246 378 252 147 182 640 795 414 557 604 222 357 821 650 28 704 584 515 143 793 785 223 409 146 780 815 721 850 418 633 389 540 375 767 684 411 777 686 214 26 840 438 310 638 501 34 451 194 80 429 707 757 114 230 439 234 700 597 94 354 857 483 303 606 831 539 267 184 363 484 322 85 741 743 99 366 759 59 125 563 824 670 783 426 191 365 75 861 723 500 750 216 772 111 101 13 696 797 734 637 196 771 74 41 485 792 213 225 281 768 122 392 56 455 261 413 625 445 500 398 779 653 218 845 188 73 10 396 92 242 504 12 151 517 406 655 284 283 474 816 108 45 259 774 679 82 550 581 853 238 748 536 692 428 468 131 802 162 694 535 230 855 828 765 178 270 663 798 240 200 130 46 144 752 572 834 573 781 168 601 84 47 769 50 564 582 541 761 464 361 618 574 187 77 329 705 865 656 249 167 201 175 66 186 44 296 627 580 40 113 849 727 726 446 348 344 560 605 547 812 620 245 209 644 217 465 212 311 846 530 119 648 575 231 497 711 116 671 778 430 460 300 160 123 477 350 745 577 581 435 324 744 174 115 421 751 730 463 279 602 9 737 340 314 291 585 7 370 775 673 561 570 635 102 333 321 280 562 643 524 326 331 315 256 473 691 481 349 177 518 395 376 781 419 288 622 307 804 78 345 736 507 312 823 787 811 210 649 494 672 776 11 148 555 180 760 814 199 709 330 713 863 716 371 460 576 96 404 621 842 478 646 724 139 480 276 400 493 807 384 336 666 89 764 301 682 352 417 337 630 341 88 674 432 631 587 548 424 154 773 782 190 170 628 676 382 106 763 118 470 243 369 689 808 740 540 512 381 639 600 287 17 710 69 228 417 538 145 183 203 49 593 365 525 397 475 457 796 176 632 839 803 425 121 717 690 293 658 754 856 81 795 16 197 789 531 471 30 399 592 503 549 237 317 258 320 629 71 126 613 304 63 431 374 356 385 65 498 611 128 619 742 355 232 382 18 447 677 19 843 339 62 100 362 660 48 685 444 299 235 626 651 316 702 98 544 699 476 590 762 624 860 579 124 462 634 195 275 309 788 588 728 179 353 229 598 173 422 609 274 551 505 714 23 136 664 469 42 70 591 248 523 8 747 491 589 520 414 127 722 368 91 528 508 241 93 537 612 851 221 391 306 351 565 328 37 697 645 394 731 181 586 479 286 236 458 250 53 135 64 693 107 506 554 687 571 490 543 510 140 813 79 14 401 282 599 272 652 171 215 294 2 667 86 68 701 319 822 490 25 805 332 568 848 383 138 753 27 841 728 862 482 712 302 342 810 367 529 466 407 105 20 456 527 442 132 825 112 794 836 158 608 496 614 569 866 688 546 16 762 38 72 848 142 603 678 278 134 178 668 271 708 205 553 532 495 408 450 83 163 249 680 565 305 659 702 141 647 277 449 441 54 509 786 36 819 185 308 415 405 327 820 290 433 28 297
51
35 22 20 10 1 36 19 17 7 37 33 29 21 16 48 18 23 4 37 28 31 26 35 32 39 44 41 51 11 47 3 12 42 25 49 15 19 8 27 13 6 9 45 14 34 50 46 43 5 38 1
571
271 84 19 319 123 532 375 137 501 457 230 562 312 46 433 399 485 23 322 490 244 127 195 401 321 414 426 524 171 488 135 405 236 460 278 543 251 290 379 41 423 215 392 467 317 149 549 40 101 451 430 34 481 212 438 52 437 570 277 529 118 511 263 407 300 450 274 65 527 522 147 232 109 76 346 238 326 479 440 385 408 95 184 371 177 506 307 180 166 151 482 150 50 413 434 225 112 214 323 33 564 104 129 93 487 505 24 388 456 533 474 97 296 428 567 267 291 182 356 237 113 343 357 369 249 145 28 548 4 8 373 157 424 510 31 102 569 26 410 398 9 37 170 489 273 305 71 534 163 431 266 241 246 303 342 363 478 257 503 504 62 285 14 568 136 384 288 298 78 318 247 461 99 294 551 199 85 254 429 56 339 92 153 204 344 381 155 419 513 358 114 368 38 191 197 27 538 259 370 470 484 83 69 126 196 220 168 557 178 325 329 138 311 315 508 447 198 383 571 377 404 540 89 242 338 516 402 416 44 64 60 417 11 106 519 295 201 536 261 351 539 299 18 355 3 203 406 269 400 418 57 389 245 142 88 121 292 436 217 466 43 226 387 366 502 472 134 17 13 128 1 103 202 565 349 391 227 287 172 331 49 15 432 45 559 120 270 289 308 265 181 544 115 188 547 96 306 452 224 253 521 22 427 446 116 20 87 167 376 334 165 248 476 190 192 393 10 36 159 29 264 235 262 2 566 234 179 51 310 517 507 260 122 442 360 412 154 397 403 231 309 12 560 480 276 207 336 268 275 530 42 279 228 421 362 526 54 70 348 162 210 125 353 133 252 25 382 411 124 94 552 555 164 161 239 518 206 394 130 131 545 471 218 140 531 314 98 30 175 439 48 82 463 216 493 80 352 75 211 21 386 468 554 495 494 320 233 347 185 240 546 81 222 5 475 558 200 55 68 283 74 176 509 420 297 110 380 445 327 553 563 189 455 7 302 132 459 72 458 454 537 169 316 256 194 304 550 337 435 148 213 223 497 117 105 365 284 229 209 340 444 473 443 301 541 500 390 496 514 335 367 250 462 341 520 415 90 258 16 464 498 111 58 67 280 515 477 512 324 425 183 39 108 141 221 59 186 395 469 160 86 281 272 332 143 32 359 486 345 146 374 53 361 465 139 173 556 523 174 313 409 542 535 243 77 119 491 378 255 350 453 6 205 66 91 354 396 449 152 422 499 107 525 158 441 208 35 100 561 528 73 144 328 79 219 330 63 156 282 333 47 187 61 193 286 364 293 448 492 483 372
10
2 9 4 3 10 7 3 1 2 2
1000
689 379 844 276 46 201 512 415 994 633 278 239 243 59 224 191 105 140 771 248 595 865 605 162 48 214 304 498 275 349 339 450 151 53 884 57 32 593 494 372 357 902 885 461 284 189 85 419 665 602 567 471 139 90 732 20 631 717 14 264 811 818 417 987 890 615 143 837 972 455 156 547 341 346 71 908 371 536 484 513 744 429 112 305 779 496 769 212 485 54 795 609 329 411 888 392 390 261 774 654 641 95 646 399 17 858 752 990 989 663 975 83 924 73 241 680 941 168 213 285 410 996 553 89 628 988 528 861 283 617 395 256 233 857 16 728 804 855 37 929 918 702 67 860 318 365 388 441 619 880 298 616 787 694 961 762 649 47 93 652 572 24 658 587 523 244 183 21 751 340 138 472 527 985 841 345 741 790 220 269 424 490 167 206 463 748 992 708 544 725 231 237 784 864 697 868 149 350 731 585 737 246 159 846 733 184 12 727 809 756 952 656 216 26 549 500 781 448 423 179 773 464 290 939 794 542 862 632 764 469 627 10 133 254 454 131 250 319 333 940 655 217 687 945 330 202 530 118 570 130 550 662 565 234 554 759 937 606 75 873 60 817 963 257 901 534 88 620 180 685 325 430 268 108 29 307 135 568 458 478 260 313 129 45 747 435 301 515 198 223 136 591 825 192 788 800 431 718 516 710 287 693 819 27 84 398 906 999 642 87 895 368 267 925 791 669 712 145 238 690 583 584 486 558 326 808 792 78 775 208 729 839 778 886 352 362 874 322 114 170 892 849 875 503 176 98 282 814 274 107 923 335 973 396 407 428 41 445 935 856 968 336 995 15 146 692 671 104 898 387 77 40 618 770 922 979 384 566 793 700 796 406 661 833 645 519 370 147 915 97 970 96 598 578 425 354 978 306 789 153 936 889 277 506 309 382 355 480 586 444 94 603 644 739 397 750 63 594 613 11 705 581 219 181 561 647 30 356 933 272 946 119 537 573 286 760 651 574 626 891 148 273 664 960 639 715 947 218 321 288 518 951 604 230 640 854 894 279 638 177 166 124 56 222 81 847 899 548 196 666 13 172 493 828 698 912 675 280 786 721 981 831 517 79 52 323 962 821 782 182 867 765 483 505 571 86 766 28 677 653 545 803 344 850 980 404 42 353 822 265 160 102 80 611 535 916 735 451 386 840 783 931 359 943 830 99 913 465 928 31 897 539 959 266 824 195 433 601 532 6 9 957 903 934 501 964 72 468 215 555 871 949 123 347 966 674 832 324 709 623 826 614 128 676 253 69 51 813 204 249 495 161 434 438 746 358 526 121 806 761 422 720 588 115 835 409 845 338 745 829 292 678 926 418 427 866 810 393 723 848 538 634 412 453 23 402 637 851 92 185 514 869 116 562 297 152 197 373 859 722 691 953 560 998 991 921 426 125 780 950 589 228 879 919 957 742 607 459 1 299 101 34 312 413 977 44 703 776 157 893 437 487 291 100 1000 245 235 163 836 510 701 252 110 443 49 470 876 812 499 39 367 944 509 377 477 564 927 592 699 556 993 816 38 670 300 948 405 802 643 320 621 366 302 154 408 930 612 18 207 380 942 142 144 842 754 33 205 188 203 507 259 317 158 174 446 378 58 716 956 582 749 328 599 569 190 820 281 460 331 910 199 55 713 476 905 711 449 126 414 650 799 636 758 738 432 575 311 186 289 416 169 997 843 7 383 210 882 316 456 436 580 4 767 229 492 497 763 714 132 374 19 798 221 447 863 648 815 596 914 629 385 695 521 232 475 479 917 295 785 178 525 327 610 853 91 381 827 772 150 296 452 688 442 137 986 579 955 878 209 597 61 668 255 348 657 682 262 62 303 726 488 74 511 66 293 872 797 474 590 342 482 557 294 932 531 659 68 271 877 520 175 704 127 3 36 403 466 600 736 504 608 508 838 559 263 360 134 106 236 907 823 227 635 194 22 540 491 522 734 2 551 270 50 337 343 667 706 954 777 120 883 757 881 679 43 334 852 684 967 65 440 5 673 457 976 82 439 369 467 958 502 563 543 226 660 707 187 76 911 730 909 165 462 173 389 576 801 141 200 242 332 375 351 113 314 258 225 529 753 696 155 834 541 310 743 401 364 983 164 240 117 193 524 672 35 394 974 686 552 630 251 211 622 420 807 719 635 900 533 971 740 308 577 546 969 315 400 361 965 391 421 870 904 920 111 171 683 724 376 247 481 984 938 982 489 805 64 896 109 887 625 25 681 8 363 122 70 624 473 755
320
137 84 102 297 211 57 286 191 133 61 277 302 243 167 104 11 223 22 280 140 204 234 91 307 248 177 86 229 251 141 63 55 175 263 65 22 230 292 59 69 199 268 64 88 119 258 66 160 35 135 280 123 210 129 265 146 65 95 231 76 57 134 64 257 100 214 68 18 54 187 116 138 232 313 125 206 282 140 184 282 116 26 160 80 122 163 66 120 141 229 136 70 279 93 51 185 149 47 170 201 56 132 152 153 140 278 255 293 302 47 126 195 13 75 82 86 312 223 7 279 38 276 91 97 216 128 27 233 245 78 218 53 59 74 168 118 299 109 183 129 205 225 242 217 318 273 24 318 301 239 183 147 139 267 3 100 243 32 114 94 88 261 267 171 255 201 157 29 84 163 290 281 285 2 95 127 269 8 111 230 94 232 36 146 104 233 58 171 261 105 220 97 32 87 131 191 291 173 162 243 42 53 209 118 118 34 137 195 269 8 21 232 250 290 68 281 53 124 182 251 205 244 75 82 129 73 278 11 90 305 187 7 224 96 102 169 187 286 253 204 295 309 14 282 143 209 268 304 15 284 3 281 219 269 149 124 147 92 65 35 3 51 54 298 300 73 154 315 111 31 16 124 276 240 222 273 259 106 62 318 211 62 252 78 233 314 148 212 60 72 261 318 230 139 155 129 151 61 298 305 31 98 104 149 300 1 304 283 206 62 290 126 174 150 10 236 181 39 147 224
873
496 28 306 646 332 121 651 622 80 51 547 87 56 772 805 628 270 400 832 442 767 8 634 676 713 441 796 455 581 736 195 686 153 483 869 619 216 670 846 65 387 375 247 70 393 466 99 250 337 205 256 34 635 505 20 398 299 471 683 275 687 867 870 11 258 347 244 642 571 30 224 860 542 37 666 312 123 806 577 365 215 150 478 711 431 373 227 396 487 762 531 469 129 259 842 660 648 627 864 128 71 219 273 284 614 5 90 632 357 447 465 394 665 773 367 432 178 98 729 359 839 372 708 370 799 659 810 218 701 794 702 334 234 486 307 84 522 366 595 606 77 242 572 174 576 546 368 753 328 843 568 825 21 873 722 661 700 122 636 609 658 857 725 707 459 111 200 105 276 474 321 816 83 282 120 629 170 801 592 850 245 189 310 790 345 32 342 829 468 738 144 176 61 383 269 667 504 480 684 380 230 831 584 422 399 721 103 23 223 102 601 791 348 516 425 417 31 296 728 730 685 452 435 618 92 76 40 286 569 800 694 521 25 692 262 112 479 460 6 841 844 44 751 463 389 133 107 593 288 750 534 758 545 837 362 166 33 602 67 351 678 4 787 746 16 814 826 443 446 611 768 502 93 221 761 289 287 277 440 177 239 382 498 414 212 363 511 155 458 741 301 540 81 757 125 233 461 179 668 524 649 704 674 660 744 168 490 669 85 115 662 730 785 574 616 564 423 590 847 249 181 835 866 438 193 696 413 673 241 38 2 364 134 573 248 560 409 313 55 420 682 501 231 580 107 871 647 868 549 653 530 91 159 812 475 638 450 100 341 752 106 255 344 755 444 453 537 510 743 641 777 238 556 377 551 151 650 654 838 448 138 819 830 636 163 615 608 691 566 554 656 872 429 759 783 709 597 408 255 392 532 114 290 745 528 183 848 512 15 340 165 1 651 433 714 361 352 485 217 449 298 201 489 136 748 548 74 594 781 251 48 86 811 333 544 633 397 737 173 735 353 710 856 14 371 426 482 69 188 24 208 536 22 836 851 391 720 645 184 143 852 278 617 18 598 775 724 132 535 247 175 613 314 809 754 652 202 297 362 124 637 827 261 671 46 117 194 41 493 235 169 264 304 108 263 445 780 822 283 72 775 550 339 520 50 621 854 793 499 788 561 360 317 302 467 555 462 9 733 818 778 582 533 58 784 410 292 481 303 3 68 409 599 734 95 185 196 243 407 26 197 795 358 406 655 388 10 323 329 285 104 45 804 403 89 187 84 369 712 630 855 578 437 824 820 101 346 558 281 309 497 583 506 570 402 586 740 640 517 92 763 705 19 525 94 17 57 859 639 559 802 390 60 464 331 523 552 699 53 145 416 126 477 413 828 518 29 845 719 436 675 135 723 156 456 819 305 513 817 849 591 538 663 330 172 291 633 731 210 246 695 858 820 268 322 87 823 253 237 214 703 782 717 52 315 116 88 515 232 470 97 625 180 59 265 280 430 792 411 455 766 149 715 47 374 127 384 862 39 139 764 821 834 697 454 701 326 405 526 49 386 62 716 779 491 623 186 54 148 803 643 343 73 82 840 765 509 96 190 395 198 434 494 130 789 324 739 580 225 35 412 529 527 320 338 23 428 813 355 27 118 385 631 376 254 267 473 226 113 849 316 626 596 607 587 66 698 236 356 419 171 311 42 726 604 220 427 7 203 557 562 774 451 514 760 131 865 379 138 585 808 158 693 213 271 492 706 853 798 507 861 742 295 199 843 771 252 690 222 541 354 319 688 349 689 325 711 776 457 797 732 508 300 109 381 620 209 154 679 439 532 472 191 563 484 657 664 141 680 786 863 495 12 833 260 327 274 279 617 167 140 718 378 677 681 272 336 603 565 229 756 79 770 228 208 589 207 308 759 192 600 672 164 293 257 727 424 137 182 401 421 63 418 519 350 75 36 415 294 142 624 206 476 157 335 43 198 769 119 610 539 404 579
200
58 146 100 97 36 193 140 139 183 6 89 180 157 120 14 85 108 34 173 193 140 177 118 39 10 148 160 46 72 187 138 165 162 163 200 56 123 163 98 107 76 169 29 133 51 54 199 200 176 101 115 14 78 11 145 60 171 111 48 21 5 197 84 55 12 130 196 106 32 181 129 103 192 126 124 154 40 13 194 137 182 23 120 79 3 106 105 6 2 53 96 187 178 141 50 152 26 33 37 77 110 183 44 113 134 130 196 168 71 86 167 168 63 14 93 146 132 109 47 122 106 153 91 18 102 72 75 198 117 22 151 87 128 80 189 46 31 56 160 135 53 125 131 51 70 73 25 30 49 46 108 95 41 32 15 104 92 138 149 16 186 174 59 82 142 144 166 147 147 79 184 74 127 149 98 156 64 155 59 74 4 187 195 99 170 157 2 15 12 164 126 62 46 57 131 190 39 94 54 1
10
4 1 10 2 10 4 8 1 1 2
100
81 8 5 79 36 18 64 44 25 82 19 26 51 71 49 39 69 90 50 2 33 99 72 57 53 98 94 22 83 3 90 64 60 46 21 7 62 100 82 48 30 4 94 87 39 1 96 16 66 26 52 47 15 52 76 78 37 33 23 92 19 25 89 74 59 64 42 13 58 97 35 56 38 94 95 61 14 73 24 75 41 70 48 34 55 18 68 87 67 65 75 10 14 85 84 86 67 91 74 28
10
8 4 10 6 1 8 9 4 10 8
500
172 430 239 156 208 68 189 495 400 320 56 80 95 403 458 471 341 257 65 479 271 422 139 153 33 40 118 487 148 383 199 292 332 322 85 373 427 262 209 313 161 24 435 137 422 419 58 241 204 364 270 103 281 231 218 385 396 462 220 30 55 345 269 363 190 95 227 76 295 95 200 355 239 92 341 385 169 349 211 472 294 62 333 135 96 127 337 273 381 268 390 391 222 48 448 72 181 105 70 326 196 180 250 318 285 344 285 329 100 436 363 230 296 193 383 119 217 382 483 292 79 98 10 198 213 294 243 244 412 105 163 394 233 313 476 233 163 73 388 435 18 284 366 253 431 238 468 17 441 159 283 465 32 177 276 126 442 407 360 272 457 191 426 39 167 114 91 492 38 377 113 225 489 177 233 410 315 60 161 464 232 37 470 317 234 220 255 467 471 52 377 34 343 195 61 116 102 416 371 413 482 390 363 339 127 347 222 328 47 239 185 371 437 336 217 498 36 411 485 17 401 343 213 494 28 477 432 497 438 115 25 464 7 344 376 227 200 162 264 129 15 232 22 441 229 189 9 133 108 39 175 385 11 202 141 276 231 372 280 29 406 482 2 474 74 219 397 231 171 222 379 174 413 500 83 72 270 391 210 457 250 491 94 172 236 263 252 41 377 343 456 498 28 125 409 194 105 205 344 308 5 221 366 316 129 206 143 492 384 369 65 42 306 99 374 428 46 484 48 300 446 309 424 71 53 452 297 368 4 323 41 493 461 2 378 434 467 447 37 125 165 178 360 425 121 12 304 161 102 215 373 46 295 467 238 232 209 138 436 451 319 245 80 407 290 194 76 393 177 275 325 363 283 350 44 324 184 101 494 38 374 295 30 465 122 210 109 489 401 480 182 267 255 79 488 128 84 64 4 460 358 133 494 381 202 99 253 360 181 494 272 192 247 413 493 110 441 258 196 434 228 208 412 429 23 318 27 321 362 76 59 108 492 291 269 251 63 35 372 260 214 474 391 222 203 244 62 298 451 268 312 175 152 109 82 260 423 8 385 228 201 134 402 455 266 87 481 147 393 55 429 206 450 92 88 261 23 98 60 370 235 142 331 87 176 221 65 184 277 345 109 104 375 454 407 350 135 302 174 189
50
28 46 27 37 14 47 44 13 8 46 40 42 29 10 17 39 11 48 36 18 3 13 4 8 34 33 8 3 49 43 18 50 40 37 25 22 33 22 48 45 43 17 36 4 26 28 30 40 11 11
546
123 450 489 263 194 114 500 29 250 476 534 274 69 359 386 505 169 521 219 184 145 216 118 298 204 308 309 13 325 366 544 517 352 112 470 336 100 374 253 151 135 32 220 174 68 481 57 464 18 88 453 321 388 406 56 546 380 73 153 414 452 164 436 90 361 91 195 524 428 295 46 299 408 40 20 282 346 109 268 379 343 34 161 330 371 387 349 193 87 198 337 102 474 265 79 261 373 223 513 434 117 429 397 266 370 214 149 375 221 12 74 245 99 456 324 426 208 206 167 183 209 466 172 443 393 463 327 541 247 45 471 251 120 202 126 70 17 530 396 367 461 409 389 227 21 110 66 315 400 435 296 170 37 360 80 482 273 289 472 243 141 271 516 207 446 232 423 383 96 281 67 535 60 323 137 186 278 292 311 413 475 390 196 449 146 155 350 238 519 72 531 71 514 264 171 258 437 64 518 144 101 445 317 451 152 239 402 280 347 159 368 192 50 98 107 484 180 439 462 351 399 154 127 430 168 284 269 10 38 212 134 15 257 132 506 178 203 407 403 58 537 270 362 419 82 191 129 442 486 8 287 59 104 418 421 211 1 417 14 326 313 249 523 5 92 39 353 542 401 199 165 310 157 185 248 477 81 499 293 465 525 105 318 234 136 425 48 163 410 498 431 432 358 142 377 515 320 314 36 128 329 179 478 197 26 382 103 27 398 335 338 83 479 140 33 16 312 225 467 342 454 230 372 488 424 166 286 94 301 332 30 319 210 222 490 190 189 394 160 158 290 363 444 502 520 440 392 44 501 355 285 148 138 122 22 95 455 279 254 188 316 536 297 6 124 108 217 272 116 130 205 540 139 7 307 441 43 4 93 47 526 215 433 23 200 522 539 131 255 182 341 235 89 302 469 415 331 275 78 365 385 252 369 9 19 54 177 240 512 97 42 493 24 226 340 485 133 458 244 528 3 35 119 491 201 384 412 28 483 447 497 276 283 62 503 147 305 306 381 77 246 304 508 529 391 143 224 504 181 357 175 156 51 291 533 459 300 507 364 63 237 339 113 543 106 422 84 511 427 49 53 457 241 277 75 538 259 150 25 495 322 288 328 187 494 262 31 86 162 256 11 173 242 416 480 378 356 231 334 229 125 344 303 448 115 121 236 438 233 532 228 294 41 267 111 61 411 395 460 354 345 260 496 76 85 218 65 420 176 213 376 510 2 404 487 405 473 545 527 348 333 52 492 509 468 55
53
21 27 24 37 53 30 30 46 23 52 50 6 17 10 8 49 26 43 32 19 40 13 5 2 11 42 33 29 34 8 53 51 41 18 14 1 28 48 44 25 12 9 51 20 47 7 16 35 38 15 43 31 10
59
33 38 54 16 53 31 55 35 40 36 47 3 35 3 52 51 21 24 2 30 9 4 15 7 18 16 13 6 6 32 9 8 8 5 1 34 21 43 47 58 50 14 23 56 10 54 29 20 4 48 49 22 57 47 27 41 26 3 25
1000
903 939 182 511 30 833 471 946 927 796 976 389 151 794 339 669 570 634 787 84 901 80 793 710 703 802 267 601 879 5 430 899 446 159 500 951 318 160 65 734 132 562 180 48 614 784 87 864 352 124 181 456 569 409 913 825 495 713 320 414 362 677 737 88 253 765 297 118 326 174 714 126 653 366 896 54 854 624 433 22 475 449 107 20 821 402 47 249 545 936 275 776 469 460 346 534 520 693 349 841 632 322 791 968 396 23 368 788 697 739 752 856 679 411 440 763 877 68 924 350 412 128 803 509 39 979 892 497 842 462 215 41 908 950 541 387 636 680 437 257 818 869 610 863 832 493 483 537 445 759 13 719 221 826 721 131 271 261 643 38 812 315 44 285 604 747 391 183 881 981 786 114 64 535 234 685 42 337 762 43 202 400 168 774 248 79 304 478 210 307 233 623 638 536 729 173 148 654 228 104 930 576 211 324 690 499 991 496 524 189 72 273 731 317 67 867 571 988 694 744 105 661 550 529 722 828 530 199 519 266 55 650 119 175 675 137 852 371 331 247 626 135 382 689 756 592 961 185 918 263 299 917 733 648 154 489 140 373 848 82 468 798 836 628 749 177 96 388 416 330 157 567 212 909 441 845 353 838 758 474 778 287 660 444 164 34 282 941 891 205 518 598 434 829 998 448 51 711 251 359 403 447 797 187 406 348 53 912 973 932 717 17 724 878 162 986 214 484 421 59 874 102 594 204 667 69 27 528 971 270 239 60 926 938 588 919 178 824 15 542 461 113 369 370 46 95 532 306 99 120 505 49 277 29 582 742 987 837 300 974 959 61 379 70 750 74 224 992 455 344 238 566 553 769 817 332 432 727 363 914 725 341 682 965 539 730 136 268 12 473 167 743 815 451 123 357 552 934 589 108 835 86 355 997 561 579 860 807 296 766 515 754 753 487 816 940 513 615 356 795 319 581 813 827 83 659 785 200 811 31 531 377 291 293 347 686 139 955 312 195 301 463 781 100 345 33 302 952 243 606 394 121 625 851 540 872 482 428 630 94 700 130 442 748 871 587 666 985 93 822 7 232 390 280 269 554 28 188 585 866 746 457 364 590 75 799 365 761 256 608 790 144 146 849 57 208 246 764 206 35 176 583 945 37 351 865 707 844 704 706 4 16 417 546 425 777 551 605 378 97 975 893 557 81 969 810 897 328 292 227 255 548 850 819 453 194 894 929 385 745 906 203 989 857 89 358 738 311 586 674 517 397 859 476 963 621 422 599 147 834 405 458 91 890 597 372 272 982 523 380 217 715 948 633 922 1000 884 684 459 477 572 155 502 101 479 805 384 335 773 907 492 223 664 323 775 780 972 637 558 993 18 305 853 288 900 450 656 490 3 286 789 609 73 45 418 250 340 681 910 145 556 294 925 78 809 241 50 264 665 436 635 760 574 259 229 726 237 612 11 438 928 770 957 942 709 658 289 254 284 855 873 712 563 198 782 439 994 820 426 283 343 904 983 593 309 467 325 419 639 701 193 673 672 847 723 949 62 840 172 149 618 98 885 578 814 641 898 861 244 435 806 736 407 219 862 804 109 751 544 401 670 383 25 156 858 510 507 607 236 24 644 652 58 71 882 875 399 218 152 999 931 225 830 313 381 521 327 216 117 386 213 755 735 40 21 692 501 547 110 76 954 702 392 220 443 481 166 464 265 158 231 111 413 184 732 245 568 602 150 196 559 179 116 526 915 410 889 698 19 642 964 916 565 56 595 92 281 757 886 596 424 655 895 472 627 171 262 663 611 491 103 921 298 14 420 10 303 995 486 613 990 26 52 696 967 691 408 880 485 197 429 161 423 616 671 415 375 141 947 768 85 470 843 338 115 937 192 226 106 138 966 454 6 560 631 591 452 278 888 678 883 129 823 508 276 958 376 143 494 533 728 708 603 77 640 112 66 705 668 230 688 695 488 209 984 480 943 333 354 190 465 240 651 321 716 336 962 314 222 808 169 629 393 577 142 242 125 839 767 564 584 127 522 506 783 699 527 687 32 153 870 905 1 662 902 504 923 133 274 683 676 308 740 342 846 772 252 543 868 935 792 575 367 617 260 498 9 427 538 201 290 310 645 398 920 90 980 334 2 718 186 911 996 953 503 8 395 649 933 134 622 163 944 741 573 978 516 619 361 165 887 374 555 771 646 831 191 431 525 977 329 258 620 360 279 549 970 956 647 514 170 122 876 960 466 63 800 235 316 801 207 36 600 657 779 580 404 295 720 512
100
47 52 63 27 4 90 67 3 12 7 84 1 94 21 23 32 76 64 99 71 82 53 68 80 62 10 13 39 46 38 49 30 72 17 34 9 36 89 41 22 24 31 55 51 18 61 44 95 40 88 86 28 26 65 70 54 2 5 43 93 79 59 50 58 66 83 7 60 16 100 15 6 48 69 78 33 57 19 81 73 98 29 91 96 56 97 8 77 11 45 37 35 25 20 75 92 87 74 42 85
10
8 3 8 3 3 3 5 1 6 1
231
221 218 103 176 198 19 20 46 155 71 97 33 175 43 14 91 104 175 6 153 96 222 148 29 43 159 16 198 6 219 17 179 143 52 137 32 87 41 1 229 38 223 25 14 230 61 73 178 67 210 193 81 21 159 212 227 189 50 152 100 174 118 75 185 225 46 181 124 210 1 99 218 224 55 50 94 178 231 4 194 34 41 37 89 72 171 88 216 213 77 210 181 68 125 84 201 7 178 145 210 115 222 213 12 43 134 215 156 77 44 144 11 46 172 43 141 138 62 127 38 201 211 185 119 6 206 171 110 202 38 114 1 187 125 114 146 25 131 201 35 210 91 202 160 128 106 177 211 61 221 223 167 181 103 164 9 101 162 1 172 213 166 203 150 109 40 201 126 86 17 125 49 157 46 81 201 115 109 213 184 153 214 134 180 8 213 173 146 227 222 197 183 218 147 102 65 146 76 153 217 4 119 2 53 153 90 47 139 77 137 122 112 140 182 69 10 94 94 108 53 205 74 169 19 157 105 73 19 190 22 81
10
9 9 9 5 9 9 9 9 5 9
50
39 7 41 45 16 50 28 9 23 4 18 7 12 50 47 37 33 31 38 22 16 21 15 49 9 11 10 35 17 46 27 46 24 30 43 2 34 9 36 14 19 24 1 48 44 20 3 18 40 29
10
5 4 9 10 1 4 2 10 3 8
165
46 13 56 162 123 124 98 27 78 159 145 79 156 146 74 144 60 120 79 120 151 45 121 154 48 131 9 9 97 149 136 147 49 89 18 20 9 113 67 158 146 83 63 148 79 165 18 164 20 43 85 71 99 42 83 136 25 46 20 53 32 74 29 105 49 49 139 65 25 119 88 104 158 123 159 80 90 27 136 165 94 126 54 50 151 67 129 85 71 96 24 94 78 145 164 19 101 95 25 29 29 77 109 43 110 80 64 27 128 87 71 88 101 32 146 13 132 105 29 36 140 32 98 27 75 105 87 40 143 31 19 97 73 102 129 160 43 27 86 16 148 2 141 121 66 120 133 1 165 16 14 51 142 91 24 142 82 133 123 3 165 67 87 95 157
128
20 14 93 27 43 51 103 106 98 80 35 116 46 124 35 13 105 62 32 12 96 8 114 45 47 10 82 17 28 11 45 78 69 6 81 94 80 127 127 108 102 91 87 58 48 23 93 90 83 4 6 30 121 63 27 80 87 46 104 8 6 80 48 28 27 74 76 99 58 21 20 53 112 116 18 127 76 37 23 7 64 77 46 40 15 60 115 107 59 31 77 90 47 43 22 63 109 41 65 83 23 41 7 95 111 116 44 111 97 2 30 58 72 94 57 60 37 6 114 80 3 27 19 55 119 63 67 3
20
10 10 7 2 9 13 2 1 6 15 14 17 20 1 19 12 12 7 12 14
870
645 243 508 345 249 551 422 118 44 11 620 100 231 185 651 318 122 177 782 40 178 662 74 659 370 156 155 189 864 865 675 45 857 74 491 51 210 653 203 638 20 831 661 269 434 737 693 108 104 826 631 835 455 372 802 57 812 294 8 646 196 545 514 145 315 284 794 286 317 851 413 843 838 749 76 641 268 414 322 407 208 570 43 527 224 492 552 640 22 832 42 544 414 569 453 559 164 673 200 659 175 132 381 810 273 857 499 816 785 48 559 176 488 599 650 870 821 522 1 491 697 558 306 162 56 228 162 125 599 751 40 802 391 850 384 247 791 746 307 143 787 443 336 281 686 615 394 589 145 196 821 196 529 629 636 93 408 25 208 834 608 521 727 21 868 774 672 693 103 808 180 844 758 380 763 398 28 151 790 37 162 358 622 849 187 772 68 22 1 250 598 360 255 663 186 582 16 24 355 431 274 323 384 831 530 86 82 531 371 626 661 714 809 440 223 710 565 192 204 714 616 139 610 391 723 679 46 360 487 337 72 434 607 104 198 129 766 231 735 261 211 528 219 597 741 653 723 311 754 843 88 341 14 760 431 244 728 589 821 277 86 211 19 748 262 694 678 525 270 673 378 5 150 676 284 52 301 721 524 483 844 125 863 865 9 388 426 445 304 271 613 679 555 857 507 186 153 718 339 204 754 322 404 168 47 545 613 578 127 76 392 273 185 69 74 238 810 160 800 541 103 382 174 330 783 362 584 827 100 218 75 789 283 369 436 510 650 357 852 782 713 769 350 819 411 775 302 516 424 404 622 112 37 11 510 277 625 775 62 423 281 847 241 535 511 199 268 197 326 864 339 512 116 820 802 219 343 629 510 9 23 172 486 797 152 719 796 859 286 389 626 489 347 649 540 89 339 628 544 247 536 438 305 285 803 462 352 691 501 868 617 588 294 822 570 344 251 838 776 43 743 149 252 866 638 400 281 40 685 394 238 414 333 841 572 300 733 635 8 658 381 282 527 553 130 616 176 178 628 82 804 817 411 468 557 862 154 730 2 449 177 475 94 70 328 642 581 864 295 32 727 69 531 72 180 719 108 614 724 45 672 647 334 725 230 736 374 453 461 507 717 394 17 810 466 810 282 571 50 125 868 156 374 267 326 403 286 516 294 135 360 808 803 103 78 422 102 833 25 351 798 815 75 26 178 338 632 649 430 156 88 237 440 548 238 291 162 620 433 167 794 594 208 270 92 315 38 453 140 852 443 462 192 215 375 668 743 701 407 682 520 566 633 349 358 664 458 702 386 422 556 628 600 210 720 273 310 539 38 327 96 16 302 666 229 251 348 337 622 258 713 143 579 350 808 498 265 837 140 675 168 66 339 679 585 311 495 683 93 338 247 285 279 764 769 767 541 636 213 406 549 165 433 299 769 331 532 19 455 321 476 730 840 535 27 132 73 154 14 168 2 233 438 18 690 60 401 291 818 161 326 519 860 517 529 192 168 797 24 65 553 85 473 813 553 529 845 348 134 240 678 425 762 865 115 570 378 566 606 607 841 152 514 734 824 109 377 764 471 584 143 282 349 820 667 562 515 598 354 459 751 843 860 311 534 138 96 44 684 835 577 6 498 304 711 696 112 38 412 619 144 211 823 14 129 162 105 368 690 356 2 804 450 722 298 75 335 779 534 192 200 713 159 165 489 500 596 586 858 654 482 633 471 735 638 500 195 869 300 358 342 681 716 578 645 392 833 14 753 137 254 745 657 604 287 70 199 818 215 180 526 820 190 797 740 311 366 678 481 653 445 708 478 815 831 506 182 162 185 652 1 382 78 234 680 579 358 610 712 121 738 645 94 55 594 566 804 195 333 618 31 770 843 444 526 418 46 130 297 662 699 29 704 215 373 187 95 680 220 280 15 136 157 707 321 643 687 418 426 793 278 759 449 416 412 199 328 268 338 519 814 386 38 134 602 41 36 472 82 83
100
7 8 59 36 87 53 47 71 22 60 83 75 41 73 34 77 94 9 85 5 39 80 69 46 12 49 44 23 67 70 32 37 76 52 86 45 11 78 40 2 28 99 16 63 62 31 33 65 96 64 89 58 17 35 38 97 100 3 82 55 57 72 68 4 48 29 20 42 54 88 10 27 48 90 66 30 93 56 14 19 25 81 79 98 1 15 26 61 84 92 6 51 91 21 65 74 24 50 95 43
101
48 12 59 37 14 67 87 68 93 81 15 48 10 82 97 75 69 40 79 53 27 23 74 42 27 96 4 94 63 38 54 90 34 77 20 3 8 84 76 16 26 80 36 71 24 31 18 101 72 44 86 63 28 78 64 43 90 33 62 2 7 83 49 52 66 84 35 9 99 30 73 88 22 95 32 89 47 56 41 21 17 70 50 66 19 46 6 58 51 60 5 61 100 91 45 13 92 3 11 52 79
200
13 45 88 52 113 138 53 199 177 178 62 139 147 28 192 52 64 124 159 122 119 54 184 128 197 196 34 159 120 142 184 76 191 177 173 25 127 191 174 150 20 109 188 105 36 85 76 145 195 106 196 200 118 71 151 16 99 49 62 137 62 20 178 147 189 86 121 81 120 31 63 163 179 25 67 116 89 171 34 135 29 153 100 195 145 119 155 31 74 44 190 190 197 126 80 120 172 145 134 5 56 95 81 35 70 165 174 34 87 173 31 121 52 92 20 117 87 198 97 37 133 19 165 184 114 94 28 164 192 55 186 166 199 160 140 187 59 59 25 59 53 58 77 171 51 28 167 184 174 104 63 129 6 31 186 134 33 123 19 57 13 31 103 101 60 65 36 80 76 106 117 48 144 198 102 26 9 65 193 36 140 129 138 157 162 155 2 62 65 130 79 9 189 61 23 186 73 98 10 192
1000
254 285 627 204 11 470 829 631 224 575 499 886 320 636 935 417 87 327 836 631 804 434 515 958 550 569 538 55 570 999 807 719 266 541 954 648 86 298 121 781 105 586 924 602 436 338 376 933 203 377 425 749 340 13 68 217 783 433 195 256 862 356 319 472 621 120 675 286 994 786 803 761 609 611 612 392 194 594 822 406 584 645 429 869 777 880 634 870 681 551 802 700 428 20 145 568 865 554 831 373 948 419 140 46 805 585 985 763 661 189 2 981 423 712 222 872 966 470 418 360 507 387 692 633 498 28 353 204 287 742 800 336 915 724 704 405 973 674 524 65 887 375 993 743 347 473 896 271 995 397 101 384 850 813 807 85 892 679 461 685 584 934 400 368 630 820 954 688 462 156 757 978 296 610 231 446 272 118 241 976 151 256 523 53 635 916 180 424 184 752 868 660 217 854 690 76 179 869 390 823 639 793 900 888 321 196 309 449 620 94 628 42 250 421 948 488 185 617 455 690 135 309 381 591 344 358 727 574 269 864 947 829 448 826 280 588 102 269 242 127 821 707 848 832 283 34 454 884 12 480 529 18 439 775 848 936 15 487 420 537 354 235 830 176 516 447 928 629 172 849 157 253 814 268 559 436 44 992 300 691 622 720 505 818 532 294 335 148 754 359 476 43 732 149 633 544 523 427 623 382 162 66 82 897 625 557 883 328 614 29 268 322 390 989 580 738 906 279 640 556 733 349 11 552 445 89 456 16 493 760 653 695 158 706 169 178 364 495 652 105 647 478 153 348 391 470 590 718 565 305 846 37 492 262 218 917 810 984 114 83 671 720 143 117 52 344 740 362 142 418 512 911 319 616 744 31 662 1000 272 545 729 940 165 248 66 410 147 988 474 767 689 511 51 386 77 128 325 664 547 206 932 577 70 581 561 210 696 50 36 379 812 35 328 110 394 106 136 465 974 794 571 590 549 862 513 123 129 539 778 847 578 609 260 24 151 702 521 190 415 950 842 875 508 348 606 103 371 858 90 987 269 144 367 630 543 209 626 714 483 971 975 38 75 430 493 289 667 677 39 257 385 546 122 299 932 963 877 520 192 784 388 989 79 646 833 21 356 230 466 554 562 901 393 22 601 163 46 548 806 970 788 80 715 423 941 169 915 409 764 332 496 276 119 252 605 984 187 105 111 959 656 973 134 545 845 536 23 227 560 99 706 926 100 36 300 5 819 141 708 112 701 877 442 731 263 576 34 867 559 669 458 431 969 713 902 575 906 205 301 619 828 374 738 170 489 919 72 638 468 885 271 869 501 14 7 25 755 46 116 174 242 108 216 798 27 792 788 746 926 919 191 64 125 944 521 68 536 227 221 900 324 316 999 990 384 355 437 722 486 644 290 411 676 197 385 987 150 736 871 813 703 449 921 789 292 295 866 553 930 378 808 230 441 402 517 246 680 277 100 637 925 699 512 182 649 483 783 452 244 967 564 389 267 862 542 891 195 496 238 223 481 3 825 17 389 322 318 9 840 1 593 233 115 914 876 297 435 130 825 201 158 811 274 28 202 853 799 75 88 942 925 558 965 991 683 953 649 752 103 92 228 33 264 655 102 509 211 59 883 923 775 460 773 734 796 49 168 131 838 890 866 789 528 790 883 894 138 990 983 334 860 972 908 281 833 303 528 96 166 32 604 943 443 331 504 607 664 388 835 809 715 71 245 666 398 354 368 555 685 457 67 156 567 960 542 341 47 698 936 763 482 297 579 956 310 255 234 615 519 557 573 713 273 609 445 265 398 771 305 797 555 696 352 343 988 732 613 473 214 69 666 750 357 213 414 525 882 502 911 839 503 836 514 530 524 44 753 898 291 97 115 741 453 739 304 651 750 413 996 159 766 618 730 737 475 717 23 200 768 64 880 330 891 452 597 173 91 753 453 572 261 321 109 562 697 878 583 694 777 927 300 251 570 143 909 965 931 678 259 780 188 905 287 599 791 770 874 945 551 759 731 199 672 907 670 659 650 961 285 980 236 687 456 705 949 161 326 95 406 494 487 219 686 875 98 345 837 426 950 166 464 733 361 834 895 977 240 445 284 467 774 274 611 608 851 937 351 369 185 510 361 603 342 745 132 315 779 682 947 920 776 93 224 383 231 211 982 26 998 824 967 379 112 48 561 665 498 49 167 735 337 949 58 171 408 128 106 544 404 856 74 938 726 137 815 193 660 249 842 964 212 500 186 107 403 392 395 903 40 484 725 278 857 366 126 54 840 469 365 78
53
12 53 23 23 39 7 9 9 19 47 24 3 49 16 36 44 10 51 6 25 38 4 1 27 48 13 7 40 32 45 11 50 28 26 46 33 52 15 8 28 37 41 35 30 5 2 20 40 31 1 42 22 29
20
18 1 15 8 3 7 14 10 3 18 2 5 2 20 11 5 5 2 1 8
1000
42 444 294 152 829 515 405 513 370 592 800 198 960 628 611 579 175 583 348 360 843 204 148 356 568 593 898 339 764 443 316 57 769 589 243 166 695 961 505 512 31 869 717 634 214 526 39 663 174 630 128 813 110 618 752 704 758 130 426 721 795 773 775 324 84 947 354 303 819 436 577 65 416 616 570 701 651 503 349 413 529 787 816 958 275 805 185 228 845 495 637 153 235 211 901 74 231 715 127 698 510 566 9 448 949 676 952 365 664 633 672 27 794 319 285 549 852 335 87 293 37 249 85 190 4 703 941 367 371 591 927 870 846 230 284 854 575 306 763 782 177 355 586 389 557 555 723 35 725 772 73 973 385 895 106 735 696 1000 883 851 882 711 299 547 833 692 643 930 226 182 871 533 432 41 64 576 304 362 648 550 831 490 206 956 239 289 184 748 690 738 834 449 188 409 712 291 792 986 709 330 487 983 70 598 836 990 888 790 561 25 312 812 157 189 915 729 199 889 59 456 40 484 460 789 455 393 377 209 56 132 745 248 759 418 441 156 463 662 116 649 603 309 159 818 562 61 435 427 670 559 270 161 587 411 336 154 265 841 63 399 44 905 779 544 423 839 646 78 257 536 331 203 877 491 614 300 122 229 924 985 655 498 3 516 697 311 155 885 784 401 683 501 45 939 192 844 417 118 458 91 234 610 992 596 92 32 860 89 799 617 478 694 977 334 957 260 622 72 266 976 896 26 469 297 187 537 743 730 479 474 220 981 5 162 535 326 808 8 372 963 565 364 43 605 492 218 242 925 222 384 394 771 733 415 18 653 429 1 425 332 904 387 225 207 700 585 237 659 907 280 53 689 804 504 798 699 546 720 810 113 802 302 897 623 317 796 863 641 137 263 197 534 482 967 900 903 979 506 923 406 814 93 631 22 397 165 940 762 890 607 750 250 83 859 951 688 180 202 793 181 420 686 830 964 48 766 518 601 131 777 164 803 38 995 120 99 922 608 842 301 569 108 527 578 398 67 17 145 314 953 308 746 133 716 139 642 100 857 23 267 902 475 77 856 599 94 514 573 191 259 807 215 865 227 767 754 685 223 668 635 98 494 288 440 101 554 33 936 508 654 912 173 678 739 58 481 710 822 906 909 765 414 499 251 584 252 988 602 581 111 600 55 719 136 770 970 899 840 702 179 728 454 410 619 95 433 726 523 126 684 955 488 486 149 233 560 892 315 359 140 264 483 757 170 146 276 879 363 178 52 718 104 169 731 780 538 346 19 210 60 645 103 208 708 80 997 572 461 948 171 254 296 778 194 147 272 327 176 609 391 366 893 452 472 71 88 295 253 28 867 913 615 989 407 532 12 681 968 395 564 381 241 431 219 125 530 212 563 49 373 613 468 195 438 124 650 644 942 724 62 86 283 640 2 595 761 626 817 815 473 972 873 323 24 874 119 632 908 928 551 567 606 442 755 236 268 978 556 143 82 186 269 934 837 480 707 753 343 582 168 677 832 464 376 382 114 959 54 361 933 467 337 6 446 838 705 511 886 574 163 201 16 982 493 105 636 680 543 920 580 14 809 400 357 887 368 811 938 647 825 310 158 788 926 590 151 477 524 221 919 320 604 996 412 872 392 374 470 820 880 954 621 81 36 402 15 597 278 489 625 624 931 375 333 281 756 713 864 517 801 866 541 612 20 459 737 497 786 687 485 667 129 172 217 351 821 471 732 10 714 629 965 247 369 706 894 347 76 666 657 183 673 525 255 408 751 824 966 328 749 47 350 522 68 261 51 21 916 917 823 97 313 439 437 428 679 447 849 848 542 932 341 422 734 457 107 307 500 502 876 878 519 521 200 342 96 868 862 671 847 999 388 828 791 262 891 279 46 245 722 271 167 216 134 785 661 450 974 476 213 66 747 232 528 768 509 109 693 571 552 196 434 277 160 378 142 150 345 776 344 914 287 29 652 465 531 760 462 987 675 144 950 993 244 937 112 379 102 639 338 424 855 682 548 783 638 744 945 742 352 329 827 321 853 274 861 445 665 980 340 545 553 944 658 79 691 984 383 50 911 453 34 121 674 90 850 971 558 75 921 318 117 943 875 991 998 421 396 238 826 240 774 290 286 115 806 30 224 11 451 660 305 884 138 975 419 858 594 298 430 881 258 273 403 390 962 935 929 135 539 588 741 466 282 727 69 507 7 386 656 969 496 835 404 994 520 781 736 205 627 13 193 740 918 246 358 910 946 256 353 669 380 123 540 620 141 292 325 797 322
1000
687 983 898 860 615 422 927 9 8 421 880 249 41 365 431 886 582 599 584 105 430 370 123 796 11 310 999 63 47 108 322 854 889 943 709 290 780 754 383 777 173 874 61 914 876 185 29 271 857 205 432 462 356 537 556 424 202 411 508 891 807 955 28 180 31 319 170 121 337 84 677 491 64 513 385 165 250 411 913 498 812 425 786 70 314 520 723 663 883 820 750 957 424 742 912 187 676 832 773 790 776 823 575 97 20 126 189 167 901 721 648 456 433 960 131 899 618 782 920 845 724 529 835 41 864 106 459 640 758 177 115 580 132 351 428 948 42 664 445 407 887 93 234 254 496 377 362 711 210 460 788 215 341 214 202 380 357 161 957 178 427 149 843 288 76 295 119 423 26 67 462 897 375 396 356 181 871 160 81 822 660 26 449 267 46 811 589 797 107 578 561 640 473 550 272 853 348 215 304 175 661 57 346 522 50 262 757 281 395 177 562 918 270 195 176 565 542 680 939 858 849 932 654 300 191 870 56 124 701 787 961 360 158 143 370 99 686 175 440 406 862 708 916 404 941 413 137 975 12 954 442 655 474 144 740 841 604 171 1000 642 505 206 976 507 497 420 960 675 359 213 48 798 818 354 309 902 521 705 869 922 208 174 834 539 665 353 27 164 672 609 594 531 755 273 166 962 410 820 200 224 623 457 890 199 736 347 190 720 275 518 142 978 821 85 417 972 408 574 66 192 909 617 327 968 770 936 323 762 210 463 653 638 924 307 931 356 167 692 799 791 153 670 985 970 455 203 75 994 866 534 134 557 286 541 340 916 780 820 609 232 328 307 800 992 14 267 381 602 385 660 665 571 704 506 236 644 146 597 159 156 820 250 39 966 290 135 510 988 784 828 694 971 305 287 209 933 329 80 696 591 210 454 674 119 690 240 140 317 998 297 95 266 246 712 236 490 569 634 852 427 10 6 168 150 545 439 666 61 826 21 15 51 113 809 585 470 95 882 911 239 900 251 566 865 139 752 850 653 183 332 117 973 669 424 345 112 302 984 570 526 537 830 330 827 816 535 214 196 734 436 681 92 193 253 331 738 337 538 158 716 57 266 940 977 581 41 617 766 808 416 72 350 174 91 926 976 265 967 618 361 133 732 956 565 261 374 264 59 684 387 707 685 74 601 967 616 555 179 609 294 589 204 117 320 577 899 944 959 538 595 292 822 135 379 466 877 697 828 894 158 749 217 583 713 154 878 620 194 551 727 931 628 764 519 517 893 352 492 894 810 299 211 896 195 772 152 411 699 537 814 372 303 523 318 103 714 541 616 910 900 485 17 543 906 435 588 593 586 18 200 96 30 587 291 530 888 378 26 538 802 514 368 806 257 475 990 719 358 987 840 565 855 488 811 5 987 640 572 710 547 135 819 301 813 214 657 805 552 151 892 375 496 735 418 133 420 405 839 263 225 815 260 629 376 772 375 400 111 863 537 236 771 91 223 839 613 626 462 824 651 201 884 791 138 27 22 80 801 453 342 357 289 207 403 268 691 71 650 803 218 471 693 238 509 567 768 210 793 862 25 149 338 682 391 382 399 69 590 568 523 229 647 775 570 278 61 121 768 35 807 148 414 544 576 482 480 730 192 607 308 267 729 87 137 947 885 640 788 722 717 173 502 749 469 633 545 859 476 751 255 899 322 919 284 882 904 903 875 197 343 739 446 831 38 293 996 899 129 569 807 846 181 86 553 848 443 923 715 921 404 652 996 450 928 703 101 40 180 252 789 953 118 182 389 671 83 230 158 394 598 617 856 688 415 609 975 188 161 339 363 668 600 679 285 627 603 974 489 434 560 763 640 624 307 641 465 272 632 622 382 313 64 102 659 811 548 464 325 236 999 753 299 938 283 702 853 216 964 272 610 256 862 163 980 120 195 702 765 221 447 402 419 909 32 612 792 49 220 737 4 945 88 930 54 444 349 481 631 279 226 149 233 995 379 748 45 536 546 864 577 981 192 89 662 405 177 141 596 33 36 60 630 310 993 478 563 172 3 795 812 142 276 747 746 952 272 851 315 307 579 639 11 79 238 698 518 937 212 743 248 769 280 767 333 590 16 7 774 82 461 184 222 263 991 639 326 917 371 219 483 245 195 34 527 861 24 725 136 958 337 992 905 781 499 62 503 242 949 528 794 231 296 441 306 482 384 23 324 689 524 392 316 825 772 795 916 484 312 871 844 881 617 390 458 340 119 90 951 572 606 934 184 481 415 207 516 498 409 645 259
10
5 5 7 5 10 1 4 6 8 2
997
794 10 966 608 4 612 849 901 970 245 863 791 160 154 865 165 285 658 329 839 11 384 994 502 495 176 656 989 219 996 655 637 150 733 915 409 192 930 660 29 865 448 160 524 438 819 956 161 459 95 290 74 27 831 526 3 455 551 121 178 554 590 240 625 388 939 420 165 902 368 453 558 734 906 335 932 117 334 398 824 262 585 367 144 501 531 124 851 436 883 513 369 952 914 621 6 814 641 44 304 340 87 847 320 172 500 645 74 767 984 424 215 823 874 694 559 295 268 345 434 242 940 53 313 757 742 131 106 40 804 699 326 14 895 604 540 789 89 989 748 405 404 634 534 264 581 688 445 796 443 215 353 431 331 835 33 515 248 210 542 65 761 908 825 68 254 512 724 684 53 860 969 697 839 664 570 508 447 622 792 494 385 219 289 818 981 137 884 835 427 632 373 881 924 249 397 811 67 662 283 133 471 640 444 605 366 202 220 636 240 237 646 739 385 816 107 942 857 265 77 411 722 203 694 296 493 209 506 853 302 744 302 270 993 182 882 794 207 484 736 781 55 845 342 173 96 877 375 148 683 550 482 157 528 317 837 962 700 432 472 263 964 817 937 199 419 196 474 519 759 985 417 778 588 498 186 171 418 474 306 625 273 900 648 891 706 939 719 469 944 116 694 235 30 600 324 235 242 48 250 659 232 786 216 696 803 813 390 881 602 115 97 846 936 669 416 676 732 22 3 287 371 336 658 97 328 318 728 156 372 671 374 98 30 825 929 711 460 443 568 377 426 21 415 440 210 132 439 487 451 510 248 367 637 705 667 28 12 903 625 58 341 546 869 144 829 353 644 95 325 690 187 300 205 682 228 66 579 892 958 490 415 361 529 921 793 628 76 759 763 354 307 279 322 340 585 917 943 807 746 17 172 104 573 594 274 923 468 467 85 556 807 762 713 62 440 337 521 488 910 479 229 773 738 942 406 91 532 730 185 574 558 250 470 830 783 144 453 760 517 911 993 482 442 188 913 315 971 597 355 142 885 376 674 700 43 272 454 561 715 810 752 627 808 674 299 962 349 631 541 122 595 141 279 46 960 793 372 613 280 168 756 603 859 286 544 970 784 787 952 743 103 823 152 879 589 218 984 635 34 403 878 807 695 909 880 974 750 571 554 815 992 623 414 877 174 654 693 71 351 269 15 499 435 555 854 564 254 893 733 708 93 846 928 826 289 609 134 292 57 492 916 777 389 820 198 653 627 718 423 876 569 465 413 724 769 346 751 868 784 83 794 959 466 305 382 31 768 400 775 394 233 166 599 823 532 752 354 950 987 357 660 181 686 396 521 382 828 531 528 678 476 764 347 365 510 396 793 538 461 175 565 463 888 149 630 693 840 89 177 272 155 479 619 314 512 288 767 946 829 958 970 833 332 618 410 297 936 146 775 319 853 271 243 949 308 720 347 9 303 906 586 866 51 244 776 16 359 689 867 115 636 452 82 277 110 838 745 843 991 888 302 910 238 667 121 259 745 560 990 54 378 367 343 173 890 834 539 393 578 485 800 935 553 483 692 76 905 766 19 190 323 392 292 597 580 564 584 24 772 868 215 736 780 499 70 204 801 951 988 112 13 81 889 661 419 69 191 925 220 407 179 299 509 874 587 366 717 693 613 425 698 530 60 53 311 393 739 221 981 333 267 31 309 478 310 938 79 146 26 882 714 979 765 67 46 399 547 389 672 799 90 335 169 414 753 897 880 556 647 251 926 211 319 630 184 133 617 604 576 491 319 990 488 729 616 673 613 530 377 362 111 40 578 367 947 460 861 282 304 222 726 283 974 871 241 101 615 769 552 446 845 761 667 331 37 457 350 870 618 543 693 575 119 575 572 546 978 973 899 2 934 153 147 483 742 589 718 919 464 709 368 280 821 679 535 42 268 263 783 128 281 632 120 68 445 231 74 592 239 118 813 402 39 260 606 678 758 836 601 160 985 882 473 927 408 49 549 246 506 268 751 364 583 236 147 174 741 920 593 140 695 7 79 927 82 770 858 707 769 217 23 25 79 975 641 94 324 99 429 582 520 750 677 24 643 59 178 963 650 725 124 659 143 255 146 961 649 806 487 478 953 818 401 130 421 366 626 505 938 890 379 948 841 209 276 174 520 522 327 844 490 158 78 381 88 557 428 735 190 184 344 334 381 29 624 916 480 832 622 136 380 422 481 232 785 233 648 976 832 108 816 318 716 10 861 286 441 995 226 855 544 348 450 358 771 316
20
13 14 7 8 8 8 20 14 16 7 18 3 1 13 13 12 8 14 9 6
144
139 73 99 118 11 47 35 43 2 69 107 113 128 140 107 25 8 19 18 81 98 118 4 122 16 74 54 103 102 58 2 82 88 40 141 56 132 126 80 63 121 20 15 70 113 91 144 56 127 123 89 104 142 27 25 107 10 26 46 118 62 59 125 32 89 75 112 45 61 64 17 123 53 37 30 130 124 118 55 130 109 13 8 111 139 116 98 117 51 7 46 14 60 84 79 120 98 97 3 5 80 77 34 5 17 22 11 90 41 84 100 133 12 85 137 16 86 4 104 50 129 24 72 57 54 38 65 96 49 122 85 4 101 122 100 131 95 6 60 68 12 21 112 28
10
5 5 8 10 10 8 10 5 1 3
995
790 343 13 867 325 534 361 494 738 580 419 493 359 382 880 593 943 641 198 960 182 873 419 826 236 635 26 849 671 396 1 842 930 236 80 464 273 629 830 324 932 2 719 481 485 431 239 301 181 497 816 918 797 968 799 261 928 664 539 334 682 161 500 770 51 38 752 970 683 536 6 42 40 841 427 657 842 931 492 344 33 254 952 445 123 937 206 812 10 128 615 130 201 282 261 312 108 968 415 110 69 766 449 870 595 134 528 623 608 941 524 373 502 741 658 591 848 799 357 405 417 345 751 905 210 239 116 259 505 440 182 769 745 729 842 542 299 933 979 986 855 276 271 171 501 544 228 597 487 709 572 989 190 221 223 37 304 122 432 170 67 912 600 342 41 976 614 475 39 952 863 888 240 653 673 145 754 133 557 981 266 24 364 942 500 794 911 574 249 585 648 659 403 987 292 553 297 954 599 605 839 514 605 645 720 622 668 418 11 90 117 350 913 643 547 150 617 767 962 165 901 138 92 461 661 60 876 505 290 556 619 511 791 262 643 765 122 590 495 695 827 285 311 242 188 712 871 443 677 794 951 337 174 465 635 373 430 500 91 645 779 740 180 319 339 673 891 669 226 136 444 463 37 279 760 50 121 262 137 175 945 96 42 434 763 338 602 140 176 169 672 134 642 389 397 479 892 960 797 821 520 768 796 106 957 71 835 837 394 951 896 163 603 763 379 909 455 205 111 681 210 401 846 40 972 112 802 922 415 674 737 801 676 110 725 199 548 3 124 157 947 129 17 809 499 690 231 49 979 540 846 105 950 316 368 604 540 670 535 633 31 897 951 611 491 22 525 355 838 672 929 982 70 836 311 273 782 459 18 736 365 871 447 875 146 103 920 503 776 697 268 638 332 506 335 470 571 14 82 160 322 27 402 974 355 29 507 984 381 276 467 422 297 421 559 295 840 399 985 392 320 166 233 671 649 192 414 522 271 980 773 775 833 477 567 731 488 777 466 937 106 156 368 774 832 425 518 887 550 939 67 647 928 531 557 227 528 632 706 260 468 183 213 624 212 496 277 273 349 895 37 200 346 678 154 418 815 308 733 689 549 46 814 336 222 560 825 439 746 858 181 727 708 44 718 15 472 522 577 185 478 346 410 274 129 97 513 479 372 786 995 446 313 184 890 79 286 684 202 934 687 457 337 489 866 391 755 576 818 827 836 747 17 234 703 98 390 191 589 5 307 854 845 76 781 7 460 452 889 309 933 934 795 58 458 502 862 584 663 764 884 490 115 948 787 532 435 504 840 331 393 750 401 85 361 272 28 662 696 329 116 924 184 766 946 55 469 700 851 803 694 526 967 586 754 521 900 59 661 185 56 64 313 248 966 517 164 722 319 166 89 61 713 167 84 425 306 20 718 400 994 288 429 149 14 958 85 792 29 341 693 126 847 958 507 935 908 526 698 173 824 662 315 24 80 588 640 396 855 529 437 614 993 878 122 831 692 88 651 843 12 206 78 563 112 282 584 109 956 785 29 158 167 947 608 428 23 293 753 720 910 983 832 395 109 646 257 32 808 454 985 347 253 523 46 705 829 235 352 8 923 903 711 91 686 702 249 805 762 707 43 310 519 34 813 73 194 495 408 631 186 950 415 781 45 281 492 227 322 781 148 918 228 279 579 894 730 387 444 688 423 915 287 761 935 405 65 509 957 975 289 263 230 595 757 201 486 358 980 881 515 856 220 442 803 650 259 297 666 819 620 466 242 753 821 919 971 601 324 59 614 667 363 48 969 882 158 744 967 875 75 9 948 38 436 219 639 402 720 688 784 749 510 561 760 183 77 988 367 765 354 806 683 532 404 51 716 886 243 690 775 859 574 701 992 846 607 276 63 360 265 445 874 865 117 378 281 685 821 352 603 32 390 111 665 224 333 606 568 79 788 190 490 483 518 151 528 620 474 114 509 60 327 313 435 127 612 756 953 76 874 654 14 833 295 484 453 994 16 565 298 816 321 570 136 490 251 609 420 227 385 817 785 573 188 898 407 939 347 807 594 879 860 757 736 747 524 328 780 426 377 409 687 690 979 70 105 834 153 813 732 284 822 554 302 800 56 555 216 546 743 187 386 811 758 438 147 248 283 194 567 305 191 834 637 433 303 868 22 850 171 229 573 94 560 924 749 340 252 383 478 424 399 476 987 964 93 54 54 785 22 215 417 371 475 921 94 808 927 735 74 356 721 81 177 388 530 872 556 251 248 432 307 727 660
50
47 25 41 12 26 19 50 7 17 14 47 3 28 26 21 17 12 41 23 29 42 32 5 31 9 1 21 13 17 19 41 18 14 28 4 15 1 37 31 29 46 20 11 32 43 41 2 11 35 22
