100
2449 95 0.8568630806155138
1272 54 0.6977747020901133
10 5 0.9
3000 135 0.5511401553868309
10 5 0.1
1650 19 0.5949213049477194
1076 83 0.7304532287972001
1184 75 0.6250776921074008
2771 128 0.8758407220649894
1691 70 0.7326379597373137
2247 79 0.5353719590280765
1845 26 0.7105339011108187
1334 9 0.7119732369798495
35 1 0.6589027160984007
3000 2462 0.9151227339986332
1725 140 0.6185639070212079
2 1 0.4
1682 136 0.7030610245850939
3000 48 0.815240333295067
751 72 0.8505084965170995
2645 164 0.5882337345000412
3000 39 0.6214264176481694
3000 1235 0.9966125411381052
1221 80 0.5961519636628252
3000 132 0.9234418745440136
394 25 0.915694676833212
1041 2 0.8621913147859378
221 5 0.5488054366573167
1 1 0.4
1301 15 0.920307793575742
1966 131 0.7451116057492349
3000 854 0.9720202238293681
299 27 0.740555319191734
57 4 0.8731705129190721
1934 1 0.6576824433056361
2313 44 0.7834328068149952
3000 50 0.987
2855 187 0.8236994563582262
3000 50 0.123
2799 123 0.6587783696987503
10 12 0.5
3000 62 0.54049556192781
1 2 0.4
587 25 0.5564733948173315
3000 94 0.8689874881448595
2945 14 0.821878518509422
2105 97 0.6817037164372213
3000 1757 0.9670775954951097
551 21 0.601245887615454
2488 143 0.8832202520625858
2337 130 0.6351210981814717
3000 27 0.8186760818824159
564 30 0.8328846769747178
155 10 0.572938443580445
2874 131 0.6245475590333761
1554 145 0.7637375371019444
1660 69 0.7276434923661332
215 11 0.7179625365726094
1907 85 0.7465906395158777
2408 51 0.5191484385259897
1684 36 0.9986724786318375
184 14 0.7347405249181647
2 1 0.5
1485 93 0.5120827205418934
170 8 0.6319017675821561
106 11 0.9453714006516325
809 80 0.8912438779656502
3000 6 0.6128288993437406
1610 47 0.697238079810116
1153 99 0.8326365107773426
1069 105 0.8526875524964972
2467 127 0.9997599830690879
233 9 0.9310008919659619
3000 148 0.9286954412715177
2725 152 0.9644393341319417
2681 212 0.6292711275047558
391 21 0.990045506730495
2046 179 0.8544980648147233
961 42 0.9879935566956518
2206 185 0.7074247807063597
3000 835 0.9304641233983514
1830 156 0.9041155517689629
2525 168 0.5694034908918753
3000 43 0.8371587587474507
3000 68 0.883581865722848
315 25 0.9918229436821577
2853 35 0.5919365772491396
3000 195 0.8184633788266845
2287 189 0.6841751223241345
3000 160 0.6579502846146681
2715 9 0.6600502810949636
2099 164 0.8526301231893367
996 5 0.5646464125654863
1655 148 0.5237605880692013
857 9 0.6174923581726507
2973 180 0.5492925581220062
2222 164 0.9818360802288504
1849 117 0.9893464120782817
3000 125 0.919826528587413
3000 121 0.9980522144494091
