509
2 1 0.5
10 5 0.9
10 5 0.1
3000 50 0.123
3000 50 0.987
10 12 0.5
1 1 0.4
2 1 0.4
1 2 0.4
3000 2462 0.9151227339986332
3000 854 0.9720202238293681
3000 1757 0.9670775954951097
3000 835 0.9304641233983514
3000 1235 0.9966125411381052
3000 6 0.6128288993437406
3000 94 0.8689874881448595
3000 148 0.9286954412715177
3000 27 0.8186760818824159
3000 43 0.8371587587474507
3000 195 0.8184633788266845
3000 39 0.6214264176481694
3000 132 0.9234418745440136
3000 68 0.883581865722848
3000 135 0.5511401553868309
3000 125 0.919826528587413
3000 62 0.54049556192781
3000 48 0.815240333295067
3000 121 0.9980522144494091
3000 160 0.6579502846146681
1660 69 0.7276434923661332
2907 260 0.8420649882779612
2553 210 0.8811288188540778
733 65 0.9508436052200189
1400 115 0.8301003102804365
2220 14 0.5802514048791076
2716 68 0.7690328863035685
13 1 0.9458378139664805
1650 19 0.5949213049477194
2589 240 0.6825228484528378
41 1 0.8926842640574327
1485 93 0.5120827205418934
1995 43 0.606665253419101
1142 77 0.8202504580003427
2394 162 0.8883575665733285
1357 22 0.8779439491043008
2667 115 0.9469069817807606
2247 79 0.5353719590280765
2301 213 0.7059960340284681
1126 44 0.7026319313415608
1850 73 0.6883899772370723
2177 187 0.8059019776620424
2005 44 0.8077250250873409
1191 14 0.6744422443872335
1538 142 0.6460453330125836
1605 59 0.9703595563534154
1209 97 0.8351460405684772
210 1 0.820452316044547
2443 38 0.839955338879858
1066 107 0.747440970243992
1483 11 0.7629894166599458
504 3 0.8265025190871463
2941 219 0.750339808465424
897 48 0.7122661388376943
2105 97 0.6817037164372213
2471 171 0.7912898049278603
192 7 0.5696431469417579
660 33 0.7155265718591317
1078 42 0.9765601110700175
682 23 0.9634020362599387
310 15 0.7818004327967647
2449 95 0.8568630806155138
969 31 0.7958496863394642
2337 130 0.6351210981814717
1655 148 0.5237605880692013
35 4 0.7488013166774974
2435 177 0.8257519323246103
315 25 0.9918229436821577
2954 201 0.8093447431034444
2184 148 0.9325733729205523
972 59 0.5144525344188575
1098 63 0.8408027088824853
321 16 0.8205178664867545
2747 112 0.9321534156101707
1669 148 0.5130884739408568
2702 62 0.7683529309699149
1221 80 0.5961519636628252
915 30 0.5578355713966343
2767 119 0.7260987390396925
2112 33 0.8989231569590288
2357 89 0.5733587844996094
1184 27 0.6956822204418869
1786 66 0.9885585908289589
2328 216 0.5551889054397185
274 6 0.5614702427223739
2380 151 0.9441707444555858
262 24 0.5130756742736771
1998 70 0.742858228462187
2830 272 0.8537446625786144
711 56 0.584366839884684
1564 19 0.8738259820945926
2524 197 0.509043899052767
2335 115 0.8068770146675946
1953 116 0.9949526648257443
1301 15 0.920307793575742
1817 91 0.8480294379817215
991 8 0.8433911929712032
2075 56 0.7484377697168556
2728 33 0.6383918982883392
2742 61 0.9532570462552223
710 32 0.9569925210959231
38 4 0.7498810617519003
551 21 0.601245887615454
1707 111 0.7393655638204133
1349 8 0.9259585583890617
1737 40 0.9044518164039779
826 14 0.7777110289815001
74 7 0.6831066811432367
996 5 0.5646464125654863
1709 125 0.9251580120777659
2705 213 0.5907095093962955
1042 88 0.6569673192569656
2972 236 0.9681945885298201
1628 10 0.5170699528488512
2150 33 0.7432604328325509
1493 35 0.5543265651286015
773 32 0.8304975390521487
2772 157 0.7993674366833572
2463 96 0.9546825033328732
1450 88 0.629975111468692
1567 3 0.5405310848179361
2072 22 0.9515384825246784
2127 96 0.8745616405293963
1818 125 0.6048252935337965
876 42 0.8871067689273595
870 3 0.6950578028601297
2141 55 0.5670616420113501
2293 70 0.7086400483014732
108 5 0.8271332798371511
2729 17 0.8468731878912232
2826 68 0.583155897079815
1165 74 0.9596087209289523
1646 52 0.8974630711500904
2368 57 0.8060278128317389
1231 15 0.7633584563147728
1137 13 0.6045979283913703
805 48 0.9754023606740081
275 19 0.9597466828860741
2507 50 0.5385324577684143
122 12 0.7689056175522754
215 11 0.7179625365726094
1876 65 0.6203153429160364
1344 58 0.621354076374073
1849 117 0.9893464120782817
1927 182 0.6349311716564277
2235 25 0.7290788614575996
1878 46 0.6060101128687421
702 63 0.9294963742747103
2771 128 0.8758407220649894
2552 44 0.6888894507890774
1293 113 0.6187073403897735
1746 67 0.7009253321334493
149 11 0.9359130629597303
1548 133 0.8113304831177826
1639 5 0.7865717511207472
1428 89 0.8392448715928391
806 3 0.6110579784569348
391 21 0.990045506730495
1906 53 0.917515869575882
486 47 0.6088001256743635
1621 14 0.6570037621455269
2755 176 0.8364998768884877
1193 110 0.9086520923587524
2440 236 0.9348334865729848
1691 70 0.7326379597373137
2758 182 0.6395034972790132
1331 88 0.5258304258756511
2139 177 0.8869483760911945
1153 99 0.8326365107773426
1506 148 0.634822730113545
2945 14 0.821878518509422
1383 134 0.7627011669660037
2943 73 0.5394592650826195
688 45 0.6962093634623593
1835 174 0.5861222730524306
516 3 0.9451494612594615
310 28 0.549790179265626
2287 189 0.6841751223241345
1355 102 0.842765043937916
884 74 0.8331847028779271
2110 8 0.5555001429338475
833 24 0.8138395412396386
2688 208 0.5407037013430946
566 41 0.7684774086217769
848 69 0.6842106542400741
1277 84 0.5281795396618607
1395 97 0.7023594437686878
483 24 0.5078630507101312
1700 38 0.8295364471115911
1645 150 0.9880086184744941
1716 49 0.9241017417510768
2036 67 0.9149967447971179
2995 273 0.8260852265030816
17 2 0.9150140896516434
244 11 0.7458434172463387
673 37 0.6701048397541943
2973 180 0.5492925581220062
1329 89 0.6491800898126
580 40 0.5323848799892076
306 20 0.9216616042132381
970 5 0.6451701546529596
1510 37 0.9069248604450721
851 84 0.6340859612251784
384 33 0.9288190055620886
1644 152 0.7200455565009933
2256 8 0.8512802131887799
2851 220 0.7194430271173835
1732 111 0.8684178769700903
106 11 0.9453714006516325
1832 60 0.7104413388525446
1788 21 0.7971498830069721
2534 196 0.6054084569594469
1934 1 0.6576824433056361
1278 42 0.80601511325007
455 20 0.5702204749288792
751 72 0.8505084965170995
2799 123 0.6587783696987503
1587 60 0.9772950175493536
1691 18 0.8897513221417184
2775 210 0.7539270113951959
583 18 0.5462105530392116
855 16 0.512890822495634
1434 139 0.7009021303832321
2014 194 0.6089818857707359
1581 129 0.5291509263584078
348 23 0.8260410685211376
1684 36 0.9986724786318375
2725 152 0.9644393341319417
2618 194 0.8097210286246191
2008 66 0.7349366065855263
209 10 0.9360527645900921
2525 168 0.5694034908918753
152 5 0.7348593926405366
2814 234 0.8343831982326997
1218 87 0.8521275363639057
1102 92 0.6995840712669159
221 5 0.5488054366573167
100 4 0.5701313689273377
975 8 0.6127093992786137
1697 165 0.5387704511517171
235 2 0.7012777925325819
2845 274 0.7522016062890933
1786 17 0.7810815247228993
1749 45 0.9143400610994803
970 11 0.7914255490148022
2504 71 0.8685331010131113
2130 125 0.7614268866317455
2980 279 0.8106294086115531
2099 164 0.8526301231893367
2509 199 0.6852840289625274
1568 66 0.6825224946432729
975 39 0.7089957244280294
318 8 0.8082362051409613
1966 131 0.7451116057492349
2948 22 0.9142765222979363
196 7 0.9283974315393538
12 2 0.5532897906166729
2467 127 0.9997599830690879
2896 91 0.7346866924471941
2734 190 0.7653215182922928
1685 29 0.7423613183352145
988 16 0.9382841920307987
938 38 0.7897978443171558
2549 169 0.8568860254861395
2489 16 0.9885322284756226
1610 47 0.697238079810116
597 37 0.6142369363609013
1824 102 0.8159455835461951
2114 181 0.8036229627165334
2309 74 0.7641546125066072
1040 91 0.6049035620818806
393 32 0.8120283847590396
184 14 0.7347405249181647
1390 14 0.5106464421058559
2916 113 0.9653940727746058
1976 112 0.8969324484255347
2979 43 0.7772237010498029
2406 65 0.9164550545450427
1554 145 0.7637375371019444
1470 80 0.9988095974436877
1435 97 0.7690642548951019
2996 70 0.9707763856088538
1553 18 0.8710215532241304
1611 141 0.6335649035944795
186 10 0.5968818740377626
1041 2 0.8621913147859378
1619 131 0.6734860055630615
2759 75 0.5074001280762053
1183 90 0.6685314322543541
1439 66 0.6935289796922106
1280 117 0.5756631581713177
28 2 0.8093289629892031
2252 120 0.7324201975305211
1293 65 0.582991019442719
2017 17 0.9371418005351515
857 9 0.6174923581726507
64 6 0.7486135779043727
1267 64 0.6378650136786141
1845 26 0.7105339011108187
1423 34 0.9681020259426603
1228 96 0.6418072615960027
1459 63 0.912155057992883
518 13 0.6732217861720134
1343 41 0.7608402479458649
809 80 0.8912438779656502
1836 8 0.5844578504948079
1875 126 0.7704639006617173
1584 5 0.79954408040302
2384 159 0.5376524194643548
1616 156 0.7174120700693225
318 1 0.7124374033195116
301 17 0.8920021303855867
480 10 0.8122885175919962
135 7 0.5850495663575501
2887 65 0.5927955596454066
2412 192 0.5576920254768508
386 17 0.718153585783869
2593 64 0.6793761084870839
2615 202 0.9213182930046585
1015 96 0.517286641427128
2351 88 0.5184711196810675
943 60 0.6325101268966185
2645 164 0.5882337345000412
2934 61 0.7627572436822201
111 10 0.7124982086840236
1937 52 0.9157073852732951
259 20 0.9027891281907592
170 8 0.6319017675821561
2635 210 0.7037502996500224
1840 149 0.8015997375505994
105 8 0.973649099922532
2810 12 0.936126143514934
2675 172 0.9907174864261679
2773 43 0.7009761789313649
2855 187 0.8236994563582262
1280 83 0.8153070296580358
911 89 0.8351503623533308
2127 212 0.6104342527514637
990 55 0.7568346081552475
1725 140 0.6185639070212079
961 42 0.9879935566956518
2720 223 0.532229861961256
2399 168 0.6193067876043573
2576 21 0.7347687615875376
225 2 0.6780451225162889
2311 142 0.852653804085409
1434 85 0.7232150987967719
1041 89 0.9216213715962509
2671 217 0.6934198783275329
2037 69 0.7902629853058996
1951 85 0.8247127159205291
459 33 0.8071185178965246
1059 22 0.5108948077060458
2084 65 0.6502944946930707
1543 140 0.6745100107079516
645 59 0.86224499012941
399 36 0.5532147272347605
1907 85 0.7465906395158777
1090 110 0.7832522189331257
1663 78 0.7687146954912956
330 15 0.7794361742253006
346 7 0.9773631934367102
1258 121 0.6693492295408369
1210 61 0.7305899551775508
814 42 0.9383878624181936
1283 10 0.6661247610815378
2222 164 0.9818360802288504
1559 103 0.9036071052699719
682 29 0.9403256533894492
1830 156 0.9041155517689629
2150 42 0.5158420224617499
2902 269 0.741036438737901
1935 46 0.926860231673293
467 14 0.7555536782304715
2605 20 0.763246370934484
287 9 0.6799048474605067
79 4 0.7442356734734966
1419 14 0.812037008609856
145 5 0.7660992128053786
2795 104 0.7164089513456475
2328 222 0.6500368771809666
2206 185 0.7074247807063597
179 7 0.6653851730903153
2691 18 0.5443472038379666
2996 179 0.7084041238011283
2253 180 0.8295270551782878
2365 26 0.962708315263124
1784 105 0.5553988018698346
747 28 0.9538328956962521
1497 97 0.5899302278475078
2582 134 0.6374763026733724
1184 75 0.6250776921074008
630 6 0.528636897646001
217 7 0.7382865325352616
1199 61 0.8871619333542162
1910 80 0.7331897436892401
2293 118 0.624152643324636
806 56 0.8323959073066151
2488 143 0.8832202520625858
2417 68 0.5926212191223708
41 1 0.6807635623740288
1170 68 0.6004080996746124
1955 151 0.5602392142886337
2075 57 0.585286684313651
2314 110 0.9268218756869193
587 25 0.5564733948173315
1150 77 0.5809022066595582
2475 239 0.9290644186208099
1849 132 0.9615462052554384
1380 41 0.8561698013807151
2268 131 0.7443404245517564
2874 131 0.6245475590333761
1334 9 0.7119732369798495
1971 122 0.5030351273491478
1076 83 0.7304532287972001
1281 107 0.8554390281918967
2513 82 0.7190413767154964
1755 47 0.6425317768313628
1272 54 0.6977747020901133
271 25 0.6414183276187997
564 30 0.8328846769747178
1699 6 0.8047726667160371
2086 189 0.8774644860016525
1710 45 0.6673084805625835
2167 64 0.5224150974962971
1516 93 0.582336105220528
233 9 0.9310008919659619
591 60 0.8373710530917882
2681 212 0.6292711275047558
2046 179 0.8544980648147233
920 73 0.9641547061467182
441 33 0.7285575415657165
677 22 0.5212111197194145
778 77 0.7942097176204908
2587 208 0.7148214841071545
2637 148 0.7415451482506217
577 57 0.7250292186492058
2408 51 0.5191484385259897
1813 139 0.5572907067639026
2499 109 0.8733851251749092
2431 232 0.7440721922549706
57 4 0.8731705129190721
332 11 0.5905297686362878
949 32 0.660591763871422
2632 253 0.8904351799003849
1997 30 0.949493527036324
1682 136 0.7030610245850939
1626 11 0.9665002222762331
1779 121 0.5869145203869226
2853 35 0.5919365772491396
1639 78 0.6320099889870112
835 13 0.9117212329043967
2369 33 0.7187958257309071
954 95 0.7355465407789914
35 1 0.6589027160984007
2321 13 0.8715209170996949
299 27 0.740555319191734
155 10 0.572938443580445
167 15 0.7097907275007792
1428 90 0.5889537085006438
2970 140 0.8675526963415757
1810 12 0.6576780151471855
619 16 0.7522812732377886
2237 181 0.5775766142450773
2085 14 0.8077935016086191
558 46 0.6810346336176656
2025 98 0.5070513856683101
2515 17 0.6125728878360962
1365 83 0.6138392902600145
2313 44 0.7834328068149952
560 50 0.6164236281294888
2496 57 0.7341132788617609
2555 83 0.8599435049266559
1715 66 0.8869301728055563
425 27 0.5375817403892973
1268 116 0.811782885062542
2119 172 0.9744914521199695
2715 9 0.6600502810949636
1044 84 0.5530043251262713
1824 108 0.8439018948734911
465 7 0.6828222147105694
2100 158 0.8512982982333352
394 25 0.915694676833212
2524 79 0.7905681826052038
947 7 0.6405108820936718
1069 105 0.8526875524964972
2868 209 0.771784841503131
1304 1 0.8642500034123509
2917 64 0.9621890345939623
1759 168 0.9796053333612772
890 35 0.6280920718241658
1310 8 0.8267567986426194
1743 148 0.9759817409002272
1226 3 0.5783458641668024
1460 20 0.7572058966269073
1781 152 0.9664163773412922
2905 190 0.6586390758629603
311 26 0.6976385991843475
2259 34 0.5576836899140907
798 17 0.5542864584272762
