Case #1: Impossible
Case #2: Impossible
Case #3: 28 28 0 0 28 28 0 0 26 28 28 0 0 28 0 0 28 24 26 0 24 26 0 26 0 11 0 0 0 0 11 0 18 18 0 0
Case #4: Impossible
Case #5: 2 3 0 3
Case #6: 22 27 23 0 0 23 0 0 23 27 23 23 23 26 27 0 26 27 27 0 0 2 0 0 0 27 23 23 0 0 27 27 23 0 0 23 23 27 27 23 23 23 23 0 23 2 0 22 0 0 23 23
Case #7: 14 30 0 11 30 22 30 30 13 18 30 30 0 13 13 13 13 13 13 23 23 30 12 13 22 30 22 13 30 13 12 30
Case #8: 43 43 30 30 30 30 43 34 43 43 30 20 30 34 30 30 43 30 35 30 34 43 30 43 20 20 43 43 34 43 43 35 43 30 30 30 30 34 34 35 43 34 0 30 35 3 20 34 30 30 20 30 43 30 30 43 34 27 0 43
Case #9: 30 27 28 27 32 30 4 21 28 30 8 30 1 1 27 30 28 28 1 30 28 28 30 8 27 27 30 30 27 0 30 27 1 28
Case #10: 10 19 29 29 23 10 19 19 8 29 22 0 22 19 19 29 29 19 29 4 19 19 2 19 19 19 29 6 0 19
Case #11: 4 9 25 25 17 32 2 4 4 4 25 4 25 25 25 17 25 25 45 8 25 25 9 4 0 25 9 25 9 4 4 4 25 45 4 4 9 55 25 55 25 4 9 4 9 36 25 4 9 4 4 9 13 4 17 4 7 9 25 35
Case #12: Impossible
Case #13: 10 18 7 19 0 7 2 10 17 18 17 5 2 4 10 17 19 12 5 2
Case #14: Impossible
Case #15: 47 0 0 44 44 0 53 47 0 41 47 7 0 47 0 8 0 38 8 8 8 8 0 0 41 0 8 7 47 44 0 8 47 0 47 0 0 47 0 0 44 47 0 8 0 44 0 0 47 47 44 0 41 44 0 0 8 47
Case #16: 0 22 16 22 9 12 22 38 15 22 22 45 38 22 38 22 22 16 22 16 22 0 0 37 9 38 22 22 0 22 22 16 22 22 0 44 16 22 22 37 22 15 44 22 22 22 37 22
Case #17: 0 0 0 19 0 19 25 0 19 25 0 25 0 25 19 24 19 25 0 25 25 25 0 0 19 0 0 25 0 0 28 28 25
Case #18: Impossible
Case #19: 5 1 7 9 6 10 10 7 7 0 4
Case #20: 14 45 7 7 14 7 14 53 0 1 50 53 14 0 14 53 53 1 4 1 14 7 14 1 4 14 53 1 14 4 45 4 0 4 7 14 14 4 14 7 1 53 7 14 53 14 4 7 14 7 14 7 1 7 1 1 14 4 14 4
Case #21: 7 10 12 12 10 0 6 6 12 7 8 6
Case #22: 10 34 34 0 0 0 43 43 43 43 43 0 34 10 0 43 34 0 0 43 43 0 0 34 43 7 43 34 0 43 0 0 20 43 3 10 31 34 31 20 0 0 0 0 0 0 3 0 43 4 0 43
Case #23: Impossible
Case #24: Impossible
Case #25: Impossible
Case #26: Impossible
Case #27: Impossible
Case #28: Impossible
Case #29: 21 12 21 12 21 9 4 9 0 23 9 31 9 9 3 12 14 9 14 9 26 3 3 3 31 14 23 21 25 21 9 3 25 14 14 12 3 31
Case #30: 11 11 9 15 11 11 11 11 41 11 0 51 11 15 11 8 3 11 15 11 41 9 0 26 15 15 9 11 0 11 8 15 15 41 19 0 11 9 11 11 11 15 15 3 3 11 11 9 41 15 11
Case #31: 14 28 11 28 28 28 18 6 6 28 15 29 15 6 28 25 15 6 20 11 24 29 6 6 11 28 11 0 14 28 6
Case #32: 29 34 5 17 21 34 32 10 10 0 34 10 10 31 10 31 5 14 10 17 29 10 14 16 31 10 32 0 34 10 34 34 34 10
Case #33: Impossible
Case #34: 0 48 0 58 52 29 58 48 30 48 3 19 5 9 52 58 3 3 48 48 58 9 51 58 48 58 3 58 48 19 29 3 48 58 29 48 29 48 30 12 29 52 39 48 3 3 3 52 58 58 58 3 0 58 14 12 39 48 58 58
Case #35: 13 8 13 13 13 11 13 13 8 11 13 15 0 4 13 0 13 15 13
Case #36: 20 20 36 28 28 28 20 0 20 20 28 16 20 33 20 20 28 20 24 0 31 24 20 20 24 33 31 20 31 0 28 24 16 36 20 16
Case #37: 10 22 2 10 25 25 10 25 10 8 14 10 10 23 10 8 8 22 8 22 8 8 10 23 0 22
Case #38: Impossible
Case #39: 2 5 6 2 0 5 5
Case #40: Impossible
Case #41: Impossible
Case #42: Impossible
Case #43: Impossible
Case #44: Impossible
Case #45: 17 45 14 45 22 14 30 45 53 45 39 45 14 0 17 14 14 17 14 14 22 57 41 47 14 39 17 14 27 39 14 14 45 14 45 47 14 30 14 45 45 14 39 45 14 14 45 57 17 53 17 14 14 14 48 38 39 45 14 14
Case #46: 15 23 30 0 23 12 26 30 23 39 30 16 16 16 23 26 30 26 26 26 16 1 16 23 16 0 18 26 16 26 23 23 16 26 39 30 26 26 12 16 16 16 30 26 16 30 16 3 0 1 26 15
Case #47: 11 32 5 11 11 17 11 11 8 11 0 0 0 5 0 0 11 11 0 0 8 11 5 11 11 11 0 8 0 0 0 0 11
Case #48: Impossible
Case #49: 21 21 1 1 21 21 0 4 21 21 20 21 20 4 1 1 1 1 1 1 0 1
Case #50: 14 12 1 8 1 12 2 13 13 9 1 8 1 0 2 1
Case #51: 8 6 6 8 7 8 8 0
Case #52: 7 42 7 16 0 7 16 0 52 16 42 0 16 0 42 0 7 7 0 16 7 42 51 16 42 7 42 27 1 1 0 27 16 27 7 0 16 42 7 51 51 7 7 16 16 16 42 42 7 0 52 42 16 23 42
Case #53: 24 24 18 23 7 9 18 18 12 9 18 7 12 18 18 20 23 0 14 23 7 18 24 18 7
Case #54: Impossible
Case #55: 0 14 0 0 0 47 0 47 47 0 14 47 14 47 0 0 0 0 0 0 47 0 0 0 47 47 0 0 0 0 0 47 0 47 47 0 0 0 0 0 0 0 14 0 0 0 0 47 47 0 47 47 0 0
Case #56: Impossible
Case #57: 25 0 26 37 27 34 26 25 37 37 2 38 34 34 18 0 2 2 2 2 2 18 34 38 18 25 34 25 37 38 18 25 37 18 2 25 18 34 2
Case #58: Impossible
Case #59: Impossible
Case #60: Impossible
Case #61: Impossible
Case #62: Impossible
Case #63: Impossible
Case #64: Impossible
Case #65: 3 3 0
Case #66: 8 3 8 3 10 4 8 0 10 8
Case #67: 6 23 6 13 13 57 22 13 22 13 22 22 0 59 59 22 13 6 57 13 42 13 13 57 22 36 13 6 22 22 6 23 23 57 22 13 9 22 22 16 6 57 28 16 13 6 6 9 36 23 22 57 13 6 22 22 22 13 23 22
Case #68: 0 0 1 0 0 48 0 0 48 0 1 0 59 0 0 0 0 1 0 0 1 0 1 0 6 11 0 0 0 1 0 0 1 1 0 0 0 0 0 6 0 0 0 59 0 0 0 11 0 0 0 0 0 1 0 0 0 0 1
Case #69: 23 53 0 53 53 9 53 53 53 9 53 9 23 16 53 9 23 53 9 9 53 53 9 23 53 53 9 9 0 23 53 9 53 53 9 16 9 53 53 53 9 9 53 53 53 53 9 53 53 53 0 9 0 0 53
Case #70: Impossible
Case #71: 20 20 2 20 26 19 18 14 20 20 8 19 6 6 19 19 19 6 20 0 19 2 6 19 19 19 18 19 26 20 2 19 18 19 0 19 8 0
Case #72: Impossible
Case #73: 10 10 10 10 1 10 10 1 1 0 1
Case #74: Impossible
Case #75: 45 33 24 50 32 45 2 50 18 24 33 18 12 24 24 50 24 32 24 24 24 50 32 0 2 24 50 24 45 24 24 50 45 45 24 26 24 0 45 24 24 45 33 24 24 47 2 45 4 45 24 24 33 45 50 53
Case #76: Impossible
Case #77: Impossible
Case #78: Impossible
Case #79: 0 0 0 0 0 0 50 0 0 0 47 0 0 53 50 0 0 50 50 0 0 0 50 0 4 53 50 0 47 4 50 50 49 0 0 50 50 0 0 0 0 0 0 0 0 0 50 50 50 0 49 0 0
Case #80: 8 3 0 15 1 15 3 28 8 6 26 28 3 15 8 28 3 28 8 28 14 6 15 28 6 15 8 3 6 6 6 15 8 28
Case #81: Impossible
Case #82: 23 23 23 23 23 0 0 23 0 0 14 23 23 23 14 0 0 14 0 0 0 28 0 0 28 23 0 23 23 14 0 0 0 0 23 23 0 23 0 25 0 0
Case #83: 59 58 59 39 58 59 58 54 0 17 58 4 39 5 33 4 58 33 59 1 45 58 5 59 58 4 11 59 39 59 13 13 13 13 39 17 59 4 10 58 11 59 54 59 13 30 17 13 59 58 13 58 30 39 45 59 59 59 0 10
Case #84: 0 0 31 0 0 2 0 2 18 0 2 0 0 0 0 49 0 2 0 2 2 49 49 0 0 0 0 0 0 2 0 2 0 0 0 0 0 0 0 16 16 0 0 2 0 49 0 2 2 0 18
Case #85: 11 3 8 24 3 10 8 24 3 0 3 22 10 3 3 3 24 24 8 17 24 24 17 10 17 10 8 11 3 17 8
Case #86: 4 8 4 7 7 2 0 7 4
Case #87: 3 20 19 5 9 9 5 19 0 5 5 9 19 9 20 5 5 19 9 5 5 0 0 5 20 9 9 5 5 2 9
Case #88: Impossible
Case #89: 14 14 0 1 14 14 8 14 14 3 14 8 1 0
Case #90: 39 29 41 9 9 0 13 13 39 40 34 41 41 40 41 13 13 40 41 41 13 41 13 41 13 40 13 39 39 13 0 41 39 41 30 41 34 41 40 41 0
Case #91: 0 12 23 23 12 23 23 23 20 17 23 0 0 0 23 0 12 12 0 12 0 0 0 0
Case #92: Impossible
Case #93: Impossible
Case #94: 0 1 6 3 4 1
Case #95: Impossible
Case #96: 29 0 9 22 46 36 29 15 15 0 46 0 36 0 0 15 34 0 36 15 36 36 6 36 22 44 36 15 15 15 24 15 0 24 15 15 36 0 0 0 6 0 29 15 0 15 29 15 36 34 0 34 36 0 0 34
Case #97: Impossible
Case #98: 3 6 55 44 6 0 6 55 6 6 0 6 55 6 6 6 55 22 6 54 22 54 6 6 12 55 6 6 54 44 6 6 44 6 44 6 54 55 49 6 54 6 6 6 6 54 6 10 55 6 55 22 12 6 6 39
Case #99: 10 10 21 21 0 13 3 18 3 13 14 3 3 18 18 21 18 0 14 14 11
Case #100: 13 21 9 0 13 13 11 13 13 13 13 9 4 13 11 13 13 9 8 4 11 10 13 4 13 11 13 1 10 13 13 9
