100
53 90
13 2 19
10 43 19
40 33 40
33 49 38
35 30 19
23 44 42
34 16 19
47 31 38
48 42 48
52 27 49
45 30 19
40 52 38
31 51 38
18 8 48
23 24 48
46 52 19
51 37 19
20 32 19
12 14 19
40 45 48
6 20 19
7 52 38
40 18 48
49 36 38
20 23 19
9 17 19
24 29 48
3 2 7
43 12 19
9 33 42
19 30 19
14 11 19
11 45 48
3 36 38
32 25 48
8 38 38
12 28 48
42 41 19
22 33 38
36 52 38
2 11 7
3 42 42
14 28 19
51 5 48
36 6 38
14 32 19
38 35 42
15 45 48
30 35 19
12 3 48
20 52 19
44 20 19
36 47 36
37 23 19
40 53 19
14 27 19
44 19 19
4 51 38
9 37 19
13 30 19
12 23 48
28 45 48
5 12 5
49 27 49
53 6 19
22 44 38
18 19 19
45 3 48
1 32 48
47 31 38
47 5 48
9 51 42
16 41 19
51 46 19
21 51 48
40 9 42
34 28 26
41 5 19
2 7 7
33 50 38
47 42 42
25 45 48
12 15 48
6 39 42
21 28 48
34 37 19
8 39 42
45 49 48
25 9 42
49 37 19
15 59
9 11 9
7 11 7
2 14 1
12 15 15
3 9 9
11 6 2
11 7 7
11 3 11
8 4 1
7 14 13
13 9 9
8 12 2
11 10 9
6 13 2
9 13 9
6 15 2
12 15 15
6 8 8
15 12 15
3 1 2
13 2 2
10 11 9
7 4 2
2 3 2
13 14 13
9 4 9
15 12 15
8 10 9
3 2 2
14 2 2
7 8 2
14 3 13
7 13 13
10 9 9
8 7 2
8 1 1
8 4 1
4 13 2
2 7 2
5 4 1
12 10 9
12 2 2
1 2 2
15 5 2
15 1 2
5 9 9
11 14 14
10 13 9
9 10 9
3 1 2
10 11 9
6 2 2
2 13 2
4 11 2
2 15 2
6 5 5
15 7 2
2 4 2
1 6 1
36 12
31 26 11
14 10 28
6 34 28
17 26 28
31 21 28
21 33 24
19 5 28
19 21 26
1 2 28
9 22 26
22 10 28
33 34 18
3 3
1 2 2
2 3 3
3 1 1
4 2
2 1 2
1 4 3
52 24
48 1 22
41 12 23
43 9 23
42 33 23
27 39 27
45 28 23
36 37 23
46 15 27
45 48 23
32 48 27
2 46 2
31 27 27
41 52 23
13 11 23
18 38 27
10 19 27
6 51 23
1 2 2
40 3 23
14 17 26
17 18 27
43 1 23
22 11 23
3 22 23
32 84
7 14 13
10 16 13
17 32 13
31 32 30
13 15 13
18 9 13
11 21 30
22 25 22
30 28 13
31 24 13
24 32 13
30 21 30
17 16 13
32 26 30
5 2 30
12 8 30
1 14 14
12 31 12
25 4 30
15 30 13
26 5 30
25 9 13
6 27 22
6 17 13
7 8 30
6 15 13
10 11 13
31 23 12
16 8 13
4 16 13
29 27 30
5 8 30
12 29 30
26 16 13
28 30 13
28 2 13
16 19 13
28 19 13
23 28 13
10 18 18
27 32 30
22 31 30
16 13 13
2 6 30
4 27 30
9 7 13
16 18 13
12 18 13
19 22 13
20 1 13
24 32 13
4 6 30
25 8 30
4 11 11
8 5 30
20 11 30
20 24 13
25 13 13
22 17 13
2 15 13
5 2 30
32 11 30
9 12 13
26 11 30
27 11 30
27 12 30
25 8 30
22 5 30
12 8 30
29 24 13
19 2 13
8 30 30
23 16 13
4 28 13
32 22 30
17 18 13
21 20 23
13 19 13
17 8 13
6 24 13
28 18 13
25 26 30
9 28 13
10 2 13
60 120
58 19 43
1 31 43
11 23 30
23 25 30
13 30 30
22 50 43
26 56 43
15 51 30
22 47 43
57 55 30
60 15 43
1 21 43
22 4 43
60 41 43
27 8 43
1 31 43
45 50 30
26 25 20
45 19 35
11 37 30
51 12 20
45 57 30
20 53 43
14 25 30
26 36 30
31 24 43
48 11 30
60 22 43
33 25 43
60 54 43
3 1 43
23 21 30
53 21 43
9 17 43
55 7 43
54 43 43
38 43 43
6 29 30
39 35 30
40 32 35
2 9 43
4 23 30
49 60 43
34 37 30
48 42 34
42 14 34
20 39 30
8 34 34
2 28 43
43 48 43
2 44 43
4 35 30
18 2 43
37 60 43
38 45 30
44 50 30
3 2 43
43 28 43
14 9 43
39 38 34
16 11 30
27 44 43
9 40 43
44 45 30
47 15 30
56 16 43
49 37 30
4 50 30
46 29 43
55 1 43
37 22 43
23 26 30
53 47 43
57 39 34
36 17 43
54 18 30
25 16 30
42 48 34
11 38 30
10 54 43
17 54 43
19 42 30
53 30 43
3 46 3
28 5 43
52 51 30
56 14 43
8 28 43
40 55 30
17 34 43
38 43 43
47 20 20
13 28 43
18 1 43
32 8 30
53 17 43
13 24 43
27 57 43
55 21 30
29 21 34
40 60 43
45 5 30
58 27 27
32 38 30
33 32 43
37 16 30
39 14 34
3 16 30
23 21 30
50 16 30
3 48 30
22 19 43
52 34 30
2 4 43
24 35 43
38 52 30
31 53 43
24 14 43
29 2 43
58 8 43
34 80
33 29 30
7 4 4
30 15 30
12 14 30
1 10 30
18 30 30
28 29 30
24 29 30
6 15 30
15 27 27
10 13 30
29 5 27
18 34 28
20 27 30
28 2 30
5 26 27
25 11 30
19 28 30
22 23 30
29 32 27
1 18 30
3 22 28
29 32 27
9 21 28
15 26 27
11 24 8
23 9 30
18 6 30
22 4 30
1 30 30
3 32 30
3 28 28
1 13 1
4 17 30
32 4 27
13 21 30
32 27 27
17 1 30
23 20 30
9 26 30
4 7 4
21 13 30
26 18 30
2 25 27
12 21 30
14 19 1
17 19 30
11 5 30
5 32 32
23 7 30
29 11 30
24 23 30
11 30 30
4 10 30
8 1 30
21 8 21
17 9 28
3 27 30
9 32 30
4 21 30
3 9 28
6 12 30
1 6 30
27 1 30
20 6 30
13 33 1
16 17 30
19 1 1
19 28 30
11 23 30
9 7 30
24 31 30
31 15 30
20 13 30
12 8 30
5 28 30
24 4 30
1 7 30
14 19 1
22 6 30
30 55
7 8 19
20 21 29
11 20 29
19 30 19
19 8 19
22 5 19
10 28 10
15 25 19
17 11 29
5 24 19
6 2 29
5 16 29
1 6 10
16 2 29
30 17 29
8 9 8
24 1 29
22 2 19
10 9 29
3 27 29
2 17 29
16 15 29
4 20 4
7 11 19
26 20 29
26 8 19
14 11 19
29 19 29
23 18 19
22 11 22
23 5 23
27 8 29
1 3 29
13 8 19
2 7 19
9 10 29
16 5 29
23 4 29
23 2 2
15 7 19
7 1 29
7 16 29
11 13 22
28 3 29
23 25 19
10 6 10
28 6 6
17 26 29
14 1 29
5 28 29
29 27 29
7 2 19
18 21 19
3 1 29
16 30 29
60 120
55 42 25
45 22 25
46 6 4
1 11 25
30 33 25
35 5 25
25 20 25
25 23 25
43 51 4
37 58 9
34 49 9
19 34 45
27 6 4
35 48 4
47 36 25
17 30 25
1 59 25
23 21 25
49 48 4
60 6 4
58 8 4
51 47 25
17 5 17
8 50 4
32 19 4
56 25 25
17 25 25
3 10 25
34 57 9
17 45 25
60 26 25
13 27 25
31 20 4
26 24 25
42 35 4
46 4 4
8 27 4
21 9 25
12 30 4
60 35 35
2 60 4
32 6 32
52 58 9
38 19 25
34 14 25
29 47 25
7 57 7
5 38 17
54 56 4
12 4 4
29 30 4
29 35 4
53 3 25
47 22 25
41 54 25
52 24 4
11 44 25
16 38 17
43 9 9
37 4 4
56 18 25
46 36 36
43 13 25
30 13 25
4 10 4
27 29 9
46 14 25
53 42 25
33 2 25
58 60 4
33 15 25
9 41 25
42 1 4
49 23 9
47 43 25
9 57 9
17 60 25
8 58 4
23 52 9
7 4 4
48 35 4
51 34 4
42 48 4
25 21 25
31 51 4
13 39 25
13 53 13
27 21 25
54 42 4
38 40 55
59 42 25
44 56 4
53 30 25
41 8 25
28 22 25
5 11 25
16 17 17
11 3 25
50 59 25
25 33 25
38 2 25
4 59 25
1 19 4
32 50 4
54 13 25
9 52 9
3 39 25
26 46 25
28 42 25
18 48 25
7 2 2
41 6 25
32 4 4
22 35 25
28 20 25
7 3 25
47 58 25
21 34 25
8 20 8
51 5 25
35 75
1 17 6
15 12 6
12 23 6
11 3 6
1 25 7
34 25 6
32 35 20
28 19 6
12 30 20
29 35 6
17 27 6
28 32 20
14 25 26
6 5 6
10 25 6
9 21 6
15 3 6
1 9 7
1 3 1
13 1 7
7 24 7
22 8 20
31 27 20
18 1 35
28 7 20
10 3 32
1 12 7
1 5 20
5 30 20
7 26 6
24 29 6
10 15 10
19 9 6
22 17 6
17 32 6
8 31 20
14 29 6
35 10 6
34 11 6
25 30 20
1 28 20
20 6 6
21 13 6
17 12 6
35 23 6
4 15 6
32 9 20
14 21 6
10 21 6
32 13 20
34 20 6
5 15 6
21 22 6
6 9 6
20 30 20
26 21 26
34 23 34
19 18 6
7 10 6
31 12 13
2 21 6
20 33 33
9 35 7
17 10 6
29 13 6
10 19 6
29 17 6
6 26 6
33 32 30
25 30 20
31 3 7
14 21 6
9 29 6
28 14 28
30 3 20
20 102
13 2 2
1 17 5
8 9 5
17 1 5
1 3 12
1 18 18
17 15 5
14 12 5
17 1 5
20 19 5
11 15 5
3 7 7
12 5 5
13 1 12
15 12 12
18 11 5
8 18 18
16 13 5
11 10 5
19 6 5
16 14 19
12 3 12
9 19 19
6 19 5
5 7 5
1 20 12
13 3 2
8 3 12
11 1 5
20 15 12
3 1 12
4 13 5
18 6 18
1 16 5
11 10 5
10 5 5
19 1 5
11 18 5
1 19 5
4 3 5
15 20 12
18 5 5
19 1 5
3 10 12
16 1 5
4 11 19
8 20 12
6 12 12
13 15 12
20 15 12
6 9 5
5 13 5
4 19 19
19 6 5
11 16 17
20 1 12
9 17 17
2 17 5
7 14 5
12 16 5
9 10 5
9 16 17
16 19 19
14 4 4
10 11 5
12 7 12
20 7 2
16 7 5
15 6 12
1 9 5
17 20 5
11 10 5
10 16 5
1 18 18
15 7 12
1 17 5
16 13 5
12 17 5
11 2 5
16 10 5
3 8 12
5 13 5
2 19 5
17 20 5
1 10 10
15 19 5
19 7 5
12 7 12
6 7 7
3 17 5
3 16 5
17 14 19
15 5 5
5 14 5
1 19 5
13 2 2
8 15 10
10 6 12
1 3 12
2 5 5
20 16 5
20 18 18
13 63
11 1 11
11 4 11
10 8 3
5 7 5
11 1 11
5 2 5
10 12 11
7 2 3
5 2 5
11 13 11
10 9 5
6 7 6
2 10 3
4 11 11
3 8 3
13 6 6
12 2 11
8 2 2
8 2 2
7 5 5
7 4 3
5 2 5
8 5 5
6 1 5
10 11 11
11 3 11
4 6 6
1 13 5
4 12 11
10 8 3
1 12 11
6 7 6
4 9 5
12 5 11
8 2 2
13 5 5
8 12 11
7 5 5
3 7 3
7 9 5
1 11 11
7 9 5
5 9 5
10 6 6
4 8 13
10 4 3
5 13 5
13 12 11
7 9 5
10 8 3
12 4 11
12 2 11
12 1 11
6 3 6
5 11 11
6 7 6
11 1 11
12 8 11
1 9 1
10 5 5
8 5 5
4 9 5
7 11 11
58 26
21 16 8
1 50 47
51 25 44
7 25 41
57 19 8
58 42 47
27 30 8
41 42 47
38 18 38
41 10 41
20 22 8
46 4 44
5 11 47
41 32 8
41 5 44
8 19 8
33 38 47
10 4 8
53 7 53
51 54 44
29 19 47
49 42 47
14 35 47
7 21 8
12 28 7
30 5 44
48 39
47 40 37
8 26 38
38 14 22
13 25 22
3 6 22
34 39 22
24 12 22
43 46 22
27 41 22
16 20 16
2 30 22
40 7 22
45 42 22
6 12 12
26 17 22
42 9 15
24 21 22
43 36 44
46 11 22
48 28 22
9 33 22
3 37 16
15 13 38
41 10 22
26 39 22
25 5 9
45 44 22
34 9 22
32 47 16
45 12 45
44 3 22
48 17 22
31 30 22
33 34 22
40 18 16
25 38 22
40 24 37
34 42 22
19 4 22
33 14
12 7 25
15 31 19
17 6 19
4 28 19
4 12 19
22 33 25
17 33 19
32 18 25
21 14 25
31 32 28
4 15 19
10 20 25
6 9 19
24 16 24
6 100
3 6 3
5 4 6
3 5 3
3 1 3
1 4 4
3 2 3
2 5 2
3 2 3
5 6 6
6 2 6
1 3 3
5 2 2
2 4 6
6 5 6
3 2 3
5 1 6
6 5 6
6 1 6
6 3 3
5 4 6
6 5 6
2 1 6
6 5 6
4 6 6
5 2 2
4 3 3
1 2 6
5 4 6
5 2 2
1 2 6
6 1 6
5 6 6
1 5 6
4 3 3
1 2 6
4 6 6
6 5 6
3 2 3
1 5 6
5 3 3
4 2 6
3 4 3
1 6 6
2 1 6
2 1 6
3 1 3
5 3 3
1 5 6
1 2 6
1 3 3
3 2 3
3 4 3
5 1 6
1 4 4
4 5 6
3 1 3
1 2 6
3 4 3
4 2 6
5 4 6
2 4 6
5 3 3
5 4 6
3 6 3
6 3 3
5 2 2
5 2 2
5 1 6
3 1 3
6 3 3
5 3 3
2 6 6
1 2 6
4 1 4
1 5 6
3 5 3
1 3 3
5 3 3
6 5 6
4 2 6
3 4 3
3 1 3
2 5 2
5 2 2
2 1 6
3 2 3
5 6 6
1 2 6
6 1 6
1 3 3
1 4 4
2 3 3
4 6 6
3 2 3
4 3 3
1 5 6
4 2 6
5 2 2
1 3 3
3 6 3
11 99
7 1 10
4 9 9
1 6 6
9 4 9
3 11 7
4 2 10
5 4 10
11 10 10
10 2 10
3 1 10
1 4 10
7 11 7
8 6 10
7 9 7
6 3 10
6 7 10
4 1 10
4 3 7
3 4 7
11 4 4
1 11 10
6 4 10
10 2 10
5 10 10
11 8 7
3 4 7
10 4 10
1 11 10
6 7 10
9 4 9
7 3 7
7 8 7
5 11 10
7 11 7
5 10 10
11 4 4
5 2 5
11 4 4
11 7 7
8 11 7
1 3 10
7 10 10
5 10 10
1 10 10
3 1 10
6 1 6
8 5 10
11 10 10
3 1 10
4 10 10
3 5 10
3 7 7
8 10 10
6 3 10
1 4 10
6 1 6
10 11 10
9 2 10
4 5 10
7 10 10
3 4 7
4 7 7
6 1 6
10 8 10
3 7 7
6 3 10
7 5 10
4 9 9
5 3 10
3 7 7
2 1 1
4 9 9
7 9 7
11 4 4
4 5 10
5 3 10
6 11 10
1 5 5
5 7 10
5 1 5
9 4 9
9 7 7
1 7 10
3 8 7
2 4 10
1 2 1
11 2 10
9 6 10
9 11 9
3 11 7
11 10 10
3 4 7
3 6 10
6 9 10
10 9 10
7 1 10
5 7 10
4 2 10
11 3 7
60 120
5 14 14
23 11 14
56 26 14
17 48 14
20 36 14
59 34 14
50 11 50
44 29 14
52 56 14
52 23 14
51 56 14
12 10 1
47 5 14
16 41 1
43 28 14
3 35 7
47 32 4
7 5 14
55 25 14
19 4 4
31 2 45
18 36 14
3 31 14
3 38 7
30 6 7
20 39 14
60 38 4
17 6 14
1 7 14
52 5 14
41 27 1
28 52 14
12 8 53
16 31 53
53 11 14
18 20 1
41 29 14
38 19 4
7 21 14
34 11 7
30 23 14
21 35 14
27 19 14
3 22 7
46 20 14
24 29 14
26 44 14
26 53 14
16 54 14
5 58 14
10 26 14
18 60 14
34 7 7
15 29 14
17 53 53
42 52 14
45 19 14
31 35 14
54 21 14
13 34 14
6 10 14
21 58 14
38 52 7
48 54 7
30 54 7
43 40 7
30 40 7
55 56 1
24 2 1
12 27 53
50 23 14
43 5 14
31 20 1
10 44 14
30 2 14
40 58 7
52 47 7
27 2 53
53 49 14
31 51 14
55 24 1
54 27 14
16 4 14
16 8 53
26 20 14
54 22 7
50 16 14
32 19 4
3 55 14
37 32 14
58 25 4
51 19 14
45 6 14
5 31 14
34 48 7
18 24 1
43 13 14
57 41 14
12 30 14
17 25 14
58 60 4
48 41 14
56 2 1
34 60 4
58 13 14
32 41 14
28 10 1
47 31 14
21 47 14
44 31 14
29 22 14
27 54 14
5 11 14
5 24 14
16 42 53
24 45 1
29 6 14
35 59 14
45 47 14
60 30 4
12 9
1 5 7
11 2 6
9 4 12
8 12 6
10 1 7
4 3 12
3 10 6
8 11 8
2 5 10
52 29
13 14 43
14 1 10
26 49 43
7 11 43
36 10 10
13 35 34
2 24 34
25 43 43
7 26 7
35 47 3
4 50 4
52 20 43
21 25 43
43 38 43
33 40 20
14 17 43
28 24 34
13 9 43
36 3 43
39 37 31
43 16 43
17 38 34
1 30 43
16 1 43
8 49 43
27 49 43
8 2 43
16 9 43
17 43 43
10 78
5 10 5
4 2 9
4 5 9
1 7 8
7 8 8
3 9 8
4 10 8
3 9 8
9 6 8
1 3 8
10 3 10
3 2 8
9 4 9
10 4 8
1 7 8
8 10 8
7 2 8
2 3 8
7 10 8
2 8 8
7 2 8
4 1 9
6 8 8
6 3 8
10 7 8
5 7 8
9 1 9
5 9 8
9 10 8
6 5 8
10 3 10
5 8 8
10 2 8
10 1 3
4 8 8
3 2 8
8 4 8
8 7 8
6 8 8
5 6 8
3 7 8
4 8 8
2 1 1
5 8 8
1 6 8
2 6 8
3 4 8
6 4 3
10 7 8
6 4 8
1 5 8
1 9 9
3 8 8
10 4 8
6 1 8
10 8 8
2 10 8
4 5 8
4 7 8
10 6 8
7 5 8
6 2 8
2 6 8
3 2 8
9 2 9
9 5 8
4 3 8
10 6 8
10 4 8
9 1 9
4 6 8
4 6 8
4 6 8
10 9 8
8 6 8
3 6 8
10 3 10
4 8 8
58 67
31 26 40
34 24 57
52 37 47
56 55 40
44 47 47
21 20 57
27 47 57
10 17 17
44 19 40
35 26 40
43 33 33
6 21 15
5 28 57
24 29 40
26 7 40
8 25 47
57 15 57
55 41 40
14 4 57
40 14 40
56 33 40
49 28 57
39 8 47
25 8 47
53 30 57
38 25 47
58 37 47
7 55 11
33 46 33
53 47 57
20 11 57
45 1 57
49 22 38
43 50 2
21 49 57
8 55 40
9 32 47
9 47 47
33 36 40
50 18 40
38 56 57
15 17 15
15 38 9
4 19 40
32 44 47
41 27 40
51 9 57
2 15 40
18 25 47
21 54 57
44 26 40
57 4 57
57 13 40
44 41 40
12 8 47
32 1 47
33 55 33
10 5 57
44 11 57
39 9 39
57 47 57
48 10 57
8 19 40
10 34 5
3 56 57
57 7 12
44 41 40
39 71
32 27 27
26 4 27
37 22 37
35 29 27
36 24 27
15 11 27
30 4 27
26 30 32
26 14 32
18 30 27
16 28 27
31 28 27
1 32 27
26 35 34
10 29 27
31 10 27
35 1 27
35 4 27
37 16 27
34 6 27
4 8 27
14 24 34
4 12 27
8 19 39
11 37 27
17 30 27
4 29 17
17 13 27
16 27 27
27 30 27
34 28 27
34 8 27
10 20 27
27 13 27
33 8 27
11 10 27
32 20 27
35 12 27
7 30 27
34 10 27
37 11 27
36 13 27
24 25 27
2 30 27
5 28 27
27 5 27
10 9 27
17 5 17
6 11 27
22 25 27
31 6 6
27 14 1
16 32 27
6 26 27
28 16 27
2 33 17
9 15 27
31 3 27
9 7 27
20 5 5
1 11 27
25 22 27
21 35 27
25 33 21
19 12 12
31 26 27
27 17 27
35 22 27
17 31 17
27 19 27
17 33 17
11 78
1 2 8
5 7 8
2 6 2
3 9 8
3 9 8
5 7 8
3 7 8
10 9 9
7 5 8
8 7 8
5 9 8
9 6 6
11 9 8
11 2 8
9 6 6
7 4 8
5 6 8
1 2 8
2 10 2
3 1 8
11 3 4
6 9 6
3 5 8
10 6 6
7 1 8
11 1 8
8 10 8
7 10 6
4 5 8
9 11 8
1 4 8
9 7 6
1 2 8
11 8 8
4 10 8
1 10 8
1 8 8
10 7 6
5 1 1
5 7 8
9 1 8
6 8 8
5 10 8
11 1 8
7 11 8
2 3 8
2 4 8
8 1 8
10 9 9
6 10 6
2 6 2
6 8 8
9 11 8
1 5 1
2 9 2
8 3 8
6 1 8
11 5 8
8 7 8
6 7 6
7 9 6
2 7 2
10 9 9
3 7 8
5 10 8
7 3 8
7 4 8
1 2 8
7 10 6
1 4 1
7 8 8
4 10 8
2 5 8
4 2 8
4 3 4
11 10 8
8 5 8
7 6 6
39 73
39 12 35
35 21 35
17 11 35
28 18 30
28 4 35
10 23 35
15 2 2
9 20 10
2 8 3
5 13 35
35 12 35
7 22 2
32 7 2
21 9 35
2 1 35
26 21 2
1 33 35
30 27 35
1 35 35
12 26 35
7 33 2
24 11 35
33 5 35
30 28 30
6 23 35
22 21 2
12 36 35
32 5 35
32 18 2
12 28 35
31 17 2
10 21 35
24 15 3
7 37 35
7 9 35
8 1 35
29 16 10
21 37 35
16 4 35
7 27 35
11 28 35
32 19 35
3 14 3
10 4 35
8 26 3
8 17 3
22 31 31
6 32 35
33 30 30
38 35 35
30 1 35
12 5 12
28 23 30
13 19 13
15 12 35
33 5 35
11 8 35
14 6 35
34 36 2
38 22 2
26 14 2
21 6 35
11 26 35
29 14 35
28 30 30
12 29 12
26 7 26
14 26 2
39 19 35
26 1 35
8 7 3
27 19 35
22 13 35
60 120
14 31 47
42 55 6
22 26 47
6 32 15
29 49 47
57 15 15
48 41 47
35 44 15
20 40 39
56 25 37
38 49 15
28 51 15
39 56 15
7 13 47
10 56 15
37 10 15
33 28 47
11 41 11
31 15 15
8 48 47
48 49 47
56 54 15
19 42 47
32 11 47
31 10 15
47 1 47
53 45 15
30 27 15
12 38 15
28 3 15
43 25 15
46 17 47
52 11 47
40 15 15
17 58 17
25 40 15
53 7 53
27 23 47
23 10 47
4 6 47
59 38 47
2 10 15
42 59 47
23 47 47
57 13 47
56 30 15
58 41 47
54 48 47
45 16 15
56 58 15
56 60 60
46 24 46
19 52 47
37 36 6
57 5 55
35 54 35
44 9 47
3 31 15
4 53 47
15 40 15
12 28 37
56 5 37
58 27 15
25 32 15
59 8 47
7 5 28
60 25 37
33 18 47
38 8 47
45 30 39
3 42 15
26 55 47
18 6 15
43 9 47
46 17 47
50 30 15
59 1 47
38 13 47
3 19 47
35 41 47
26 55 47
25 13 47
6 4 47
16 52 6
51 26 47
57 12 37
51 50 15
11 60 47
30 26 47
1 57 15
12 16 37
42 49 15
47 29 47
22 60 37
12 2 6
58 43 58
8 54 47
34 20 15
57 3 15
27 10 15
25 20 15
2 21 47
4 27 47
46 40 47
54 22 15
1 36 15
25 43 15
60 13 47
10 57 15
9 25 47
25 30 15
52 7 6
4 33 47
55 49 15
48 10 47
34 27 55
42 43 15
29 30 47
24 36 47
28 58 15
38 98
4 37 9
37 7 9
2 37 9
8 7 9
23 10 23
21 12 9
11 27 9
9 17 9
16 25 31
31 8 9
26 18 9
27 33 9
17 25 9
4 29 31
11 33 9
10 17 14
16 19 9
4 25 31
28 19 14
16 25 31
7 4 4
11 4 9
22 32 3
29 24 9
35 25 9
2 12 12
12 38 31
29 4 31
37 35 14
21 28 21
26 33 9
4 2 12
29 17 9
34 11 9
30 5 21
24 2 9
38 34 9
14 34 14
36 13 9
7 35 9
4 23 9
16 38 31
21 1 21
11 36 9
29 32 9
15 11 9
19 20 9
14 1 14
21 4 9
28 18 9
26 22 26
14 20 9
23 6 9
25 7 31
6 37 9
27 35 14
6 18 9
16 12 12
24 22 3
37 16 9
21 4 9
34 17 14
22 26 26
1 35 14
6 27 9
10 26 26
23 33 9
16 3 9
22 3 3
6 36 9
10 2 9
11 12 9
29 33 25
36 16 12
35 26 14
11 12 9
30 20 9
33 35 9
23 7 9
11 30 9
9 29 9
37 15 3
31 32 9
36 33 31
28 32 21
17 4 9
23 27 23
20 16 9
33 35 9
19 21 14
15 1 26
25 17 9
24 26 26
22 27 3
30 28 21
7 3 9
29 26 9
5 33 9
51 85
33 47 11
19 35 19
12 51 51
16 9 11
16 21 11
39 13 11
38 22 9
22 6 11
37 6 11
27 32 11
43 44 11
12 44 11
12 30 11
31 40 11
3 25 11
19 33 15
3 31 11
41 31 11
48 49 41
7 24 11
48 11 11
3 43 11
10 14 11
37 24 11
45 44 3
46 13 11
13 31 11
22 2 11
16 14 11
45 9 9
10 38 11
40 2 11
18 22 11
21 38 41
34 6 11
14 26 15
45 14 11
26 42 15
15 20 11
31 16 8
17 19 11
5 3 11
39 33 11
1 43 11
26 15 15
9 27 9
34 5 11
16 19 11
34 15 11
33 5 11
49 34 41
2 48 11
43 32 15
31 8 8
48 45 9
35 48 11
8 5 11
17 44 3
31 19 11
25 4 15
48 41 41
31 41 11
20 10 11
13 33 11
7 43 11
39 44 11
3 45 3
13 40 11
34 43 11
49 41 41
12 41 11
16 49 11
26 24 26
28 26 11
5 40 11
5 17 11
28 40 11
51 17 11
17 50 11
39 45 11
42 9 11
14 1 11
50 25 15
40 39 11
43 3 11
31 88
4 18 28
9 8 6
20 22 28
27 29 28
16 3 11
26 14 28
25 12 28
28 21 28
19 10 28
26 18 28
17 23 28
25 16 25
24 9 6
26 1 28
21 28 28
20 9 28
4 7 28
24 25 28
9 24 6
27 18 28
8 9 6
24 8 6
26 2 28
17 25 15
19 20 20
14 21 6
22 20 28
9 23 6
11 27 11
6 23 6
19 29 28
18 22 6
22 18 6
20 3 11
15 14 28
17 3 15
31 29 6
17 3 15
12 10 28
14 29 14
10 20 28
16 8 28
13 18 28
5 25 28
16 18 28
7 14 6
16 28 28
11 4 28
5 19 28
7 18 18
14 4 28
2 20 28
9 26 28
10 9 28
24 21 24
18 30 28
10 18 28
12 22 29
8 5 28
4 18 28
2 11 28
29 19 28
30 15 28
7 21 6
5 12 28
22 31 6
27 7 28
10 11 28
13 20 15
19 21 28
31 18 6
27 21 28
26 16 28
13 18 28
1 9 6
27 23 28
1 12 14
24 1 6
6 20 28
26 12 28
8 26 28
8 4 28
8 13 28
6 5 28
3 14 28
31 11 28
28 15 28
8 22 6
34 70
2 16 34
11 6 34
9 30 10
16 12 10
5 16 10
34 22 10
29 20 29
18 34 34
29 19 10
30 3 10
23 29 10
7 8 10
33 31 10
4 20 17
19 17 10
31 6 10
20 31 10
4 3 5
21 18 10
6 5 10
19 15 10
4 7 34
2 24 34
27 7 32
7 12 10
14 24 31
5 23 10
4 26 10
12 5 10
23 24 10
24 3 34
12 2 10
16 24 16
7 4 34
14 12 10
1 15 10
17 29 10
1 3 10
5 16 10
1 12 10
12 30 10
34 6 34
7 15 10
4 31 10
17 24 34
20 3 10
33 24 34
27 19 10
10 2 10
21 20 21
18 23 14
1 29 29
10 26 10
6 20 10
13 33 10
23 13 10
9 23 10
4 34 34
10 21 10
6 3 34
2 34 34
5 17 10
12 31 10
26 33 10
18 25 31
30 24 10
6 34 34
13 4 10
34 33 34
1 24 10
34 78
19 13 3
7 13 3
29 9 3
16 32 3
16 20 20
23 28 3
27 15 15
34 22 31
17 1 20
31 8 31
19 1 3
34 12 3
23 11 3
12 5 3
18 30 31
6 12 3
24 14 3
25 5 3
12 16 3
15 26 31
15 8 15
23 24 3
33 26 31
9 8 8
34 5 31
28 21 16
14 20 3
8 15 15
21 7 3
5 27 27
5 17 20
34 32 3
18 1 21
21 10 3
29 25 3
12 26 23
18 31 31
5 4 3
31 20 20
29 16 3
19 23 3
25 30 3
10 32 3
10 5 3
14 3 3
3 29 3
6 34 3
23 10 3
26 21 31
21 2 3
28 7 3
33 19 3
32 10 3
19 17 3
30 1 31
17 3 3
16 30 31
18 10 3
11 6 6
28 11 3
11 12 3
26 17 20
9 22 22
6 17 3
14 22 3
20 15 20
24 21 3
6 16 3
17 6 3
11 25 3
14 4 3
31 19 3
20 2 3
2 6 6
22 32 3
4 7 3
20 9 19
27 17 20
60 120
12 15 3
4 26 58
17 24 3
56 40 12
47 22 3
60 57 3
23 45 3
60 4 58
37 28 52
60 52 52
47 5 3
44 10 52
45 22 3
18 21 3
46 18 3
49 40 52
43 19 19
3 14 3
34 56 48
59 8 48
9 17 3
11 39 3
10 12 3
39 6 3
50 24 58
18 54 3
39 54 3
13 5 5
12 37 3
48 32 3
58 60 58
54 51 58
13 5 5
54 36 48
48 20 48
15 29 52
12 46 3
44 48 48
6 52 52
16 6 52
7 11 3
43 10 48
14 55 14
11 36 3
7 8 48
32 23 3
45 36 3
57 55 3
56 44 48
21 16 58
57 32 3
37 23 52
40 27 3
28 20 52
55 29 3
33 52 52
28 24 58
25 38 48
2 45 3
14 55 14
52 42 52
12 3 3
4 22 3
3 47 3
16 25 48
14 22 9
39 9 30
35 17 3
20 9 3
30 11 3
51 23 51
7 60 58
37 35 29
31 39 3
42 17 3
32 25 3
46 58 3
22 54 3
25 3 3
8 17 3
9 3 3
40 32 3
7 59 58
30 20 52
40 50 52
28 35 52
2 25 48
38 47 3
60 49 58
35 41 29
31 48 48
6 12 3
54 40 52
41 33 52
59 28 58
33 47 3
15 13 52
43 14 3
58 34 58
20 37 52
56 33 48
30 37 52
20 48 48
60 34 58
24 13 52
25 34 48
38 59 48
41 11 3
40 22 3
50 47 3
57 43 39
43 16 48
34 60 58
19 56 19
50 31 52
21 57 3
33 57 3
11 58 3
6 31 29
11 32 3
19 21
10 11 11
9 2 8
15 7 13
12 18 15
6 4 13
3 5 13
6 13 13
3 19 13
4 2 13
6 19 13
8 1 13
14 6 13
6 11 11
17 19 13
4 12 13
3 13 13
9 11 13
17 13 13
9 8 8
15 18 15
14 4 4
36 47
23 18 20
3 12 16
11 29 28
2 12 20
6 1 20
21 2 20
34 3 36
32 6 20
28 4 28
29 28 28
17 29 28
22 24 24
14 20 20
13 5 20
14 1 20
9 14 20
16 2 20
28 12 20
11 6 28
32 20 20
28 17 28
16 11 20
20 21 20
34 28 20
20 2 20
25 19 24
14 19 20
22 26 20
14 26 33
23 18 20
28 16 20
33 1 20
7 10 20
23 35 20
29 21 31
22 32 24
27 21 31
23 19 20
35 1 20
12 5 20
5 29 28
12 22 20
16 14 16
6 3 20
24 22 24
32 33 20
15 31 20
26 54
25 5 25
13 20 25
24 8 8
21 16 8
1 5 25
14 25 25
3 22 22
18 8 8
5 19 25
26 18 22
12 8 8
11 25 25
3 14 25
12 14 10
4 25 25
10 11 10
25 12 25
2 3 2
11 22 25
15 11 10
22 20 22
1 23 10
17 21 8
5 15 25
13 15 10
19 8 8
17 26 8
7 22 25
11 4 10
23 18 25
26 17 8
3 14 25
4 3 25
1 5 25
6 13 25
19 16 8
25 26 25
18 24 25
5 1 25
11 24 23
26 15 25
17 22 8
11 14 14
15 10 10
5 25 25
15 6 25
15 1 10
8 22 8
11 23 23
15 26 25
4 5 25
7 9 10
8 26 8
9 18 25
60 120
6 41 55
57 12 11
33 17 32
49 35 32
31 59 32
12 19 32
21 30 32
6 24 32
16 46 48
3 16 32
60 43 32
58 2 32
4 56 11
20 9 9
24 27 48
33 47 32
37 21 48
18 45 32
1 12 32
17 11 32
55 50 32
43 38 32
59 5 32
60 31 32
39 19 32
9 31 32
46 21 48
41 14 32
33 57 9
37 30 32
16 45 53
39 55 11
57 20 11
38 43 32
56 39 11
58 60 32
20 23 32
7 32 32
11 53 32
50 60 32
27 4 32
47 25 32
46 14 48
36 20 32
6 38 55
11 8 9
43 57 32
51 17 32
44 3 9
43 60 32
34 53 53
33 31 32
19 18 32
39 23 32
12 35 11
25 14 32
39 13 11
5 32 32
29 40 40
60 32 32
21 47 53
19 18 32
58 20 32
27 12 32
60 38 9
36 19 48
19 46 48
15 36 48
41 16 32
47 40 53
12 18 11
47 46 48
26 25 32
30 26 32
35 5 32
17 38 32
57 35 35
8 50 32
55 58 32
28 33 32
41 16 32
53 27 48
33 39 9
25 2 9
25 11 9
4 31 32
34 52 48
22 60 9
58 5 32
27 9 32
46 54 32
9 57 9
40 51 48
24 8 32
2 19 32
41 11 11
40 54 32
43 1 53
45 44 32
48 50 48
7 48 32
20 35 11
38 13 55
20 7 11
20 13 11
9 50 32
19 34 48
58 46 32
29 47 53
44 59 9
51 25 32
45 56 32
38 39 11
24 32 32
44 28 32
51 60 32
15 30 32
57 13 55
44 26 32
47 4 32
7 4
7 3 5
4 1 2
6 3 6
6 4 5
42 99
42 9 24
40 27 24
2 42 33
13 36 24
23 27 19
15 2 33
41 26 33
13 12 33
23 5 24
39 29 39
10 24 24
27 4 33
18 13 24
13 42 33
40 4 24
7 41 31
14 36 24
39 23 24
12 26 33
2 41 33
9 34 24
3 41 24
38 30 33
33 23 24
2 3 24
21 4 24
26 5 33
5 28 24
26 9 24
12 1 33
41 19 3
22 9 41
21 31 36
32 29 24
19 17 6
30 28 24
6 33 33
34 10 24
35 19 24
24 26 24
3 14 24
19 13 24
28 38 24
30 3 24
8 18 24
2 17 24
15 30 33
12 11 24
5 34 33
19 32 19
34 33 33
21 13 24
12 25 24
14 20 24
12 1 33
19 1 24
34 39 24
19 7 19
7 29 24
38 13 33
9 4 24
10 22 19
2 29 24
30 33 33
4 7 24
37 23 37
36 22 19
40 4 24
21 14 24
25 8 24
16 25 24
11 18 11
16 31 24
4 9 24
3 29 24
12 14 33
39 15 24
28 24 24
13 33 33
37 11 19
36 1 24
37 18 19
30 27 33
30 3 24
28 42 24
35 42 33
30 32 24
15 38 26
30 36 24
21 38 24
40 34 24
17 23 37
4 6 33
30 36 24
3 25 19
9 40 9
12 2 33
11 7 19
30 15 33
6 3
2 4 3
6 5 4
1 2 6
47 96
20 16 44
24 13 39
31 26 26
25 26 26
16 1 44
13 12 39
44 21 44
38 33 38
7 27 38
10 21 39
37 5 26
40 36 39
25 46 39
17 36 39
13 32 39
26 2 38
39 10 39
9 36 39
37 38 38
29 18 39
17 27 38
26 21 39
4 22 44
28 39 39
25 19 26
1 16 44
24 40 40
24 36 39
20 40 12
46 18 39
10 3 26
30 26 26
42 26 26
19 36 39
32 22 38
14 4 44
19 3 26
23 25 38
3 38 38
23 2 38
19 23 38
3 45 9
20 13 39
25 19 26
22 10 38
43 4 44
22 45 38
9 16 44
28 45 26
16 43 44
18 30 26
39 19 39
7 13 39
20 6 20
27 3 38
3 34 26
1 30 26
42 45 26
19 27 38
15 7 38
28 5 26
43 36 39
8 45 26
42 47 39
15 18 38
6 13 39
30 46 39
31 10 10
11 5 11
11 44 44
6 30 26
14 47 26
21 27 39
28 25 26
3 7 26
5 44 44
22 17 38
21 43 39
1 21 39
34 24 18
29 22 39
41 32 32
41 10 26
6 39 39
37 40 26
23 28 38
12 8 26
3 12 12
2 6 38
40 20 26
41 32 32
19 25 26
47 18 39
12 19 26
3 39 39
38 22 38
60 116
1 3 1
1 4 1
2 3 2
2 4 2
3 5 3
3 6 3
4 5 4
4 6 4
5 7 5
5 8 5
6 7 6
6 8 6
7 9 7
7 10 7
8 9 8
8 10 8
9 11 9
9 12 9
10 11 10
10 12 10
11 13 11
11 14 11
12 13 12
12 14 12
13 15 13
13 16 13
14 15 14
14 16 14
15 17 15
15 18 15
16 17 16
16 18 16
17 19 17
17 20 17
18 19 18
18 20 18
19 21 19
19 22 19
20 21 20
20 22 20
21 23 21
21 24 21
22 23 22
22 24 22
23 25 23
23 26 23
24 25 24
24 26 24
25 27 25
25 28 25
26 27 26
26 28 26
27 29 27
27 30 27
28 29 28
28 30 28
29 31 29
29 32 29
30 31 30
30 32 30
31 33 31
31 34 31
32 33 32
32 34 32
33 35 33
33 36 33
34 35 34
34 36 34
35 37 35
35 38 35
36 37 36
36 38 36
37 39 37
37 40 37
38 39 38
38 40 38
39 41 39
39 42 39
40 41 40
40 42 40
41 43 41
41 44 41
42 43 42
42 44 42
43 45 43
43 46 43
44 45 44
44 46 44
45 47 45
45 48 45
46 47 46
46 48 46
47 49 47
47 50 47
48 49 48
48 50 48
49 51 49
49 52 49
50 51 50
50 52 50
51 53 51
51 54 51
52 53 52
52 54 52
53 55 53
53 56 53
54 55 54
54 56 54
55 57 55
55 58 55
56 57 56
56 58 56
57 58 57
58 59 58
59 60 59
60 57 60
22 96
4 7 20
5 2 21
16 15 20
13 8 14
21 10 20
9 6 14
10 1 1
11 13 14
7 5 12
18 13 20
9 12 20
18 6 20
19 4 14
14 5 20
2 17 20
10 20 20
11 13 14
5 2 21
20 1 20
2 12 21
20 14 20
22 5 20
14 3 14
15 3 20
4 3 14
15 20 20
11 5 20
4 15 7
9 15 20
18 9 12
15 1 20
16 12 20
12 15 21
11 4 14
21 13 20
5 9 20
1 4 14
2 3 20
17 22 22
12 15 21
3 17 14
19 3 1
3 2 20
14 12 20
19 4 14
12 13 20
21 1 20
3 18 20
3 15 20
15 10 20
16 11 14
4 8 14
10 8 14
14 5 20
10 9 14
4 1 14
9 2 18
7 12 12
18 10 20
16 13 14
18 16 20
15 22 20
11 3 11
21 12 21
21 16 20
19 15 20
11 19 1
2 20 20
6 12 20
19 1 1
17 8 14
2 8 20
11 6 1
21 20 20
14 12 20
13 5 20
9 11 14
18 8 20
20 11 9
3 22 14
22 10 14
20 21 20
16 14 14
2 19 20
14 8 14
13 10 14
18 7 21
20 7 20
15 13 20
13 21 20
11 14 14
20 5 20
16 7 20
18 11 20
1 3 1
15 18 15
60 120
1 15 17
30 35 14
37 56 14
35 36 45
8 11 14
22 3 14
55 23 14
50 9 53
5 21 22
43 17 14
41 5 14
48 8 14
40 4 45
9 2 14
7 53 14
28 9 14
44 25 14
55 6 14
21 7 39
43 38 39
52 16 14
41 45 45
35 58 45
12 40 45
6 26 14
4 29 14
27 11 14
56 13 14
33 39 14
49 30 14
52 14 14
7 56 30
1 19 14
40 5 14
49 51 17
15 25 14
58 24 45
5 42 14
35 22 14
3 36 14
51 26 14
17 37 14
7 30 30
20 21 14
33 55 14
43 52 14
18 11 14
45 39 14
47 20 14
54 51 14
5 31 14
18 4 14
10 54 14
39 11 39
33 10 45
48 55 48
18 29 17
60 47 14
48 20 14
23 51 14
4 33 45
38 46 14
46 50 14
13 34 14
24 36 47
33 7 14
28 1 14
15 50 14
20 5 14
17 59 14
37 60 14
54 58 14
43 30 39
40 34 14
20 45 14
39 33 14
26 14 14
31 3 14
38 56 38
50 38 14
27 29 27
56 53 14
26 43 39
58 54 14
8 56 14
12 26 14
21 44 14
13 50 14
57 51 14
41 39 14
4 16 14
2 10 45
23 25 14
26 5 39
6 28 14
41 60 14
54 23 14
29 59 14
58 32 14
58 54 14
48 17 14
4 8 45
27 53 14
33 19 14
6 55 14
28 45 14
13 25 14
9 14 14
44 10 45
27 24 14
35 12 45
25 44 14
47 19 14
34 40 14
21 55 57
16 9 14
41 23 41
57 17 14
13 28 14
38 6 14
52 118
14 2 16
6 44 26
24 31 23
37 51 26
50 22 1
43 25 26
5 25 16
3 48 3
6 21 16
30 34 26
23 5 23
9 43 26
34 45 26
42 33 16
1 21 16
6 11 26
12 30 26
10 8 26
17 9 26
45 7 26
36 25 26
51 2 26
31 19 26
5 34 26
3 8 30
17 46 30
32 52 23
6 21 16
36 43 30
34 26 26
39 17 26
29 51 26
8 44 26
44 21 26
46 42 26
16 43 26
40 2 16
34 41 26
18 3 26
17 32 26
1 6 16
11 24 26
6 10 12
30 23 26
26 52 26
13 17 26
39 42 16
43 36 30
29 18 26
10 39 39
1 29 16
1 48 26
29 26 26
17 27 26
10 22 16
45 27 26
44 3 26
37 38 26
13 23 16
42 15 16
18 31 26
27 40 26
7 19 26
39 35 39
44 40 26
2 1 23
19 34 26
23 50 23
25 24 16
17 10 26
29 21 16
43 23 26
32 18 26
11 18 26
43 19 26
44 5 26
40 45 16
15 1 15
5 23 23
12 6 12
23 3 26
5 32 23
29 47 16
18 30 26
2 30 26
27 18 18
1 50 1
41 21 16
16 17 26
9 30 26
48 6 26
50 24 23
46 27 26
50 6 16
28 6 26
22 52 15
32 13 16
9 48 26
18 23 26
11 46 30
3 15 26
52 15 15
34 32 26
29 17 26
47 43 26
30 25 26
52 40 16
9 52 23
46 52 26
13 24 16
27 3 26
31 27 26
5 10 16
2 40 16
15 11 26
29 20 26
47 43 26
23 27 26
33 19
9 28 8
2 32 32
7 21 11
6 23 11
22 10 11
10 7 11
28 11 11
4 14 11
21 8 8
6 25 11
24 1 11
11 33 11
23 14 5
26 23 11
10 18 11
8 21 8
28 23 11
3 14 5
6 17 17
47 72
32 16 2
28 39 2
2 45 2
42 5 26
13 42 26
6 31 26
11 42 26
8 3 17
47 20 26
16 11 26
15 39 8
41 23 26
25 32 26
12 20 34
3 23 26
17 2 26
47 10 26
4 22 26
18 35 26
34 16 2
7 25 26
45 43 2
47 25 42
1 21 26
13 27 13
36 19 6
29 31 26
32 11 26
23 12 26
29 41 2
6 30 40
39 29 8
15 5 26
28 32 2
26 43 26
37 11 26
25 12 26
16 1 35
38 9 43
38 40 2
36 22 2
38 35 26
24 37 26
7 17 15
25 23 33
16 25 28
29 3 2
32 21 26
16 45 2
2 37 2
31 3 11
3 6 2
45 13 26
33 15 34
34 35 26
16 47 26
4 28 26
44 41 2
26 14 26
35 41 26
6 28 2
35 28 26
14 39 2
44 21 21
9 15 34
44 12 26
19 46 2
43 11 26
3 21 45
38 42 34
16 45 2
2 26 26
22 26
19 6 21
17 1 1
12 13 21
9 10 21
11 22 1
16 11 1
4 21 21
12 17 21
4 13 1
15 1 1
19 4 1
14 8 4
16 5 21
21 6 21
5 22 21
11 13 20
10 21 21
10 20 21
13 19 1
21 18 21
2 21 21
3 18 1
14 15 1
11 16 1
19 8 1
15 22 1
16 41
16 1 1
15 10 14
6 16 14
1 12 14
13 9 13
12 6 12
13 8 13
15 7 2
6 2 12
14 9 14
11 1 1
12 10 14
13 8 14
3 9 14
15 12 12
10 14 14
15 1 14
4 10 14
13 2 14
9 1 14
8 3 1
8 13 14
16 13 14
14 15 14
3 8 1
12 4 8
3 7 1
16 3 1
6 5 14
3 9 14
11 1 1
10 14 14
9 10 9
6 7 14
5 7 1
5 8 1
8 2 14
9 16 14
1 13 14
13 16 14
5 15 14
8 28
5 4 8
3 4 8
4 5 8
4 8 8
3 5 8
2 8 8
6 1 8
4 3 8
3 8 8
3 6 6
7 1 8
6 2 6
3 8 8
7 6 8
2 7 8
4 2 8
2 1 8
7 4 8
2 7 8
5 3 8
5 7 7
3 8 8
2 3 6
1 5 8
1 8 8
7 3 8
4 8 8
4 3 8
55 42
39 41 7
29 6 7
3 17 7
48 38 42
51 26 7
42 22 42
26 43 7
21 30 16
30 29 1
11 41 42
44 37 16
9 40 52
45 20 16
28 34 27
15 37 16
15 42 42
45 53 16
13 37 16
46 32 16
33 51 16
55 27 42
18 7 7
25 55 42
24 51 16
40 10 16
30 33 16
28 17 7
54 41 51
27 32 27
2 45 16
21 17 7
3 9 16
24 42 16
7 49 7
16 21 16
40 51 51
37 49 16
6 35 7
10 4 16
2 47 42
23 54 23
9 52 52
25 46
18 5 18
4 12 18
3 19 18
16 15 18
10 13 12
25 7 7
7 5 7
6 15 18
21 7 7
11 17 18
6 10 9
25 12 7
9 4 18
5 4 18
4 15 18
4 18 18
3 25 18
1 21 18
22 18 18
21 5 7
4 23 23
10 24 18
18 17 18
7 19 18
22 21 18
20 11 18
19 14 14
18 22 18
20 21 18
23 12 18
22 6 18
11 4 18
13 19 18
1 2 24
2 25 18
18 12 18
3 24 18
16 17 23
20 5 18
20 16 20
3 18 18
17 13 18
8 3 18
14 16 18
4 1 24
17 14 18
8 37
5 3 4
1 7 4
1 2 2
7 3 4
2 5 2
7 1 4
6 1 2
7 8 4
6 4 2
2 6 2
7 1 4
1 6 2
8 5 4
3 5 4
8 3 3
6 4 2
4 8 4
6 3 8
4 2 2
6 3 2
4 2 2
6 8 2
7 4 4
5 8 4
1 5 4
4 6 2
8 3 3
3 2 7
8 2 2
6 5 2
3 8 3
4 1 4
3 4 4
6 3 2
7 3 4
5 6 2
7 1 4
54 12
21 43 47
47 25 47
25 6 47
11 2 14
35 48 47
49 11 47
32 34 47
35 9 47
43 13 14
52 12 47
26 2 47
8 51 47
18 106
2 10 2
2 5 2
13 4 4
11 1 15
15 1 15
7 15 15
10 18 15
7 15 15
17 5 15
18 13 6
10 9 15
12 2 2
18 5 5
11 3 15
4 14 15
4 10 15
16 13 6
5 18 5
9 13 6
15 2 2
18 3 5
1 11 15
17 14 15
7 10 15
11 18 15
3 14 15
15 7 15
17 12 15
2 15 2
16 3 6
7 5 7
14 5 15
16 18 6
18 4 6
18 9 6
2 4 2
16 13 6
16 13 6
18 13 6
10 3 15
8 3 7
15 5 15
18 12 6
9 11 15
14 11 15
7 11 15
6 9 6
2 11 2
5 16 6
6 10 15
14 12 15
5 11 15
3 11 15
15 9 15
6 10 15
1 8 15
10 16 15
10 2 2
13 15 15
7 13 7
3 1 15
8 5 7
1 14 14
6 8 7
18 1 15
9 2 2
17 6 15
5 6 6
11 12 15
2 15 2
8 4 7
7 17 15
12 3 6
7 5 7
12 1 15
5 16 6
5 7 7
3 13 6
14 15 15
5 13 6
11 6 15
5 16 6
5 4 6
9 16 12
13 7 7
2 18 2
6 3 6
5 14 15
15 12 15
7 16 7
14 1 14
8 7 7
1 13 15
1 2 2
13 8 7
11 7 15
16 14 15
14 11 15
18 6 6
4 15 15
18 1 15
3 18 5
11 17 10
18 13 6
7 17 15
2 7 2
39 67
23 27 34
2 17 2
2 20 2
18 11 2
7 3 26
12 38 38
34 11 2
22 5 18
6 34 34
6 31 18
14 38 34
15 27 18
8 24 2
28 4 2
37 8 2
36 37 2
17 7 2
19 18 2
28 8 25
31 30 18
10 7 2
6 30 34
21 4 2
27 25 2
11 10 2
27 10 18
6 1 2
20 19 2
1 3 25
22 37 18
10 37 37
17 3 2
22 26 18
5 27 27
39 14 2
32 36 25
39 24 2
6 22 18
28 17 2
25 5 2
38 23 34
14 10 18
33 29 37
38 36 2
21 34 2
13 34 34
39 10 2
6 10 18
19 5 2
14 37 18
15 37 18
28 5 2
20 21 2
10 33 37
4 25 2
32 19 2
25 37 2
7 17 2
12 10 18
18 21 2
28 15 2
6 13 34
9 4 37
36 37 2
12 35 2
8 24 2
24 30 38
16 88
3 2 1
1 12 1
1 13 4
5 9 5
11 10 4
4 10 4
7 12 7
9 5 5
6 4 4
14 15 1
14 13 4
4 15 4
16 15 1
11 9 4
16 1 1
7 9 4
15 5 4
13 12 4
7 2 1
3 11 11
15 12 7
14 6 1
7 8 1
6 3 1
15 3 1
16 3 11
12 7 7
7 1 1
1 15 1
6 3 1
13 3 4
10 12 4
15 2 1
8 1 1
8 7 1
15 3 1
1 2 1
15 14 1
8 2 1
16 1 1
16 10 4
10 13 4
6 1 1
15 7 7
7 13 4
5 16 4
5 13 4
4 6 4
6 9 4
14 1 1
4 11 4
11 15 1
3 10 4
12 14 1
1 7 1
11 15 1
14 7 1
12 8 1
9 3 4
3 14 1
16 10 11
8 3 1
4 13 4
4 3 4
13 4 4
14 6 1
3 8 1
4 5 4
15 14 1
5 1 4
10 2 4
15 16 1
1 2 1
11 4 4
2 9 4
7 16 1
10 9 4
15 2 1
3 8 1
7 16 6
10 7 4
6 11 1
15 6 1
5 10 4
11 13 4
16 15 1
2 8 1
9 4 4
49 105
12 36 31
2 24 24
20 13 31
23 4 31
22 25 9
33 6 31
31 41 31
26 48 12
23 41 12
11 28 31
23 48 37
33 6 31
44 32 24
42 19 31
4 43 18
43 5 31
40 25 31
17 24 24
30 49 30
47 23 31
7 25 31
9 37 24
43 16 24
31 8 31
11 15 31
16 30 24
29 4 31
22 6 31
14 15 24
36 9 24
22 38 31
12 11 31
2 26 31
36 26 31
9 48 24
42 23 31
5 43 31
16 38 24
35 9 24
4 45 18
30 5 12
47 39 31
6 48 31
36 6 31
23 30 30
5 42 31
14 12 24
28 49 31
28 42 31
3 37 31
14 28 24
26 42 31
29 12 12
21 49 31
42 17 6
31 9 24
43 20 31
33 26 31
1 21 1
31 5 31
18 21 31
28 45 31
12 40 12
2 32 24
30 48 12
10 2 31
46 6 31
41 19 12
2 46 31
7 26 31
32 24 24
26 23 30
9 30 24
41 49 12
32 19 24
20 18 31
39 21 31
21 38 31
47 14 24
22 43 31
42 22 31
13 9 24
48 26 12
44 28 31
49 28 31
36 26 31
17 35 31
26 20 31
18 47 31
27 34 31
18 14 24
17 39 31
29 30 12
13 38 31
43 16 24
8 39 31
21 11 31
16 25 24
43 41 31
39 37 31
48 29 12
43 8 31
4 12 31
30 36 31
46 21 31
40 75
5 39 18
33 2 18
1 4 10
35 19 18
40 23 18
1 8 29
37 1 10
8 24 10
8 22 27
25 1 10
40 11 10
29 7 29
1 32 10
23 6 19
15 30 10
29 12 10
33 24 18
31 18 18
22 19 18
22 18 18
10 23 18
22 15 10
2 21 10
11 2 16
35 40 27
23 16 18
7 14 27
2 38 2
23 22 18
17 18 18
7 3 3
4 17 4
32 23 18
34 31 18
26 10 19
29 35 27
20 8 29
27 15 10
28 37 10
18 31 18
4 39 4
29 31 27
40 17 10
8 24 10
38 7 10
28 27 27
3 27 18
27 20 27
31 8 27
1 3 18
26 9 23
34 4 18
4 18 18
28 15 31
36 35 27
22 25 10
23 25 18
3 4 18
40 26 18
26 18 18
19 37 18
12 25 2
27 10 10
25 2 2
29 40 27
10 15 10
19 21 18
15 4 4
20 38 28
9 21 18
26 32 18
37 29 10
19 14 4
31 25 10
23 4 18
25 38
10 12 1
16 12 1
22 6 1
11 2 4
17 1 1
15 11 1
25 10 1
3 22 1
3 21 24
4 15 1
19 17 1
3 8 4
4 13 1
2 17 1
20 5 5
2 17 1
6 18 1
8 5 4
19 11 1
9 18 1
24 20 24
4 17 1
15 6 1
17 14 1
14 16 1
8 4 4
7 10 1
4 5 4
21 4 24
8 1 1
21 6 24
10 11 4
12 6 1
2 6 4
3 21 24
11 1 1
1 22 1
4 11 4
13 73
2 9 1
2 4 1
7 10 10
4 3 10
9 5 10
2 11 1
9 10 1
3 10 10
12 2 10
8 11 10
7 5 10
3 11 10
11 3 10
9 13 10
6 4 1
7 2 1
10 9 10
6 3 10
10 2 10
5 7 10
12 13 13
2 12 10
1 13 3
9 12 10
6 11 1
2 8 10
9 3 10
8 4 10
1 13 10
12 10 10
11 12 10
2 9 6
12 8 10
4 10 10
12 9 10
3 10 10
3 1 10
11 10 10
5 4 10
10 4 10
13 5 10
5 7 10
1 5 10
5 10 10
11 2 1
9 6 9
4 9 1
2 10 10
12 4 10
5 12 10
7 8 10
2 10 10
8 3 8
11 9 1
8 1 10
1 8 10
1 12 10
4 8 10
12 5 10
1 6 1
5 11 10
10 5 10
10 2 10
4 9 1
5 1 10
11 12 10
1 5 10
11 3 10
3 6 10
4 2 1
5 12 10
2 5 10
6 12 10
58 112
46 48 40
22 31 33
7 32 32
5 12 40
4 42 40
34 2 38
10 21 44
57 13 57
42 8 38
41 27 38
27 24 38
37 9 38
41 35 38
8 57 38
13 15 57
27 17 40
56 27 38
20 47 57
47 21 40
36 44 38
24 58 28
44 29 46
17 10 40
35 49 38
51 21 40
19 8 38
39 43 38
11 33 33
29 21 40
5 19 40
58 22 33
33 30 33
39 58 38
38 46 40
26 58 38
31 7 43
55 16 38
15 35 38
42 12 38
10 3 38
19 58 38
48 35 38
50 10 8
53 1 38
55 32 38
34 35 38
4 12 40
47 56 42
3 26 38
31 46 40
8 28 28
36 25 57
53 36 38
14 42 38
1 26 38
23 25 33
7 1 28
20 36 13
28 37 3
30 12 38
7 3 38
9 37 38
14 3 38
54 5 40
51 55 38
9 27 13
58 44 28
21 40 40
16 52 33
29 38 38
4 19 40
36 13 13
58 19 38
48 46 40
18 30 28
30 21 40
13 11 57
31 13 38
15 38 38
28 46 40
20 48 13
49 51 38
42 22 33
2 58 28
17 16 40
10 52 33
32 28 28
7 55 38
9 40 40
36 2 38
38 5 40
40 11 40
20 48 13
56 54 33
42 45 45
40 3 40
43 38 40
3 29 38
47 49 38
35 8 28
57 45 38
39 25 38
18 34 38
42 18 38
35 4 40
12 37 38
50 11 38
37 50 38
36 19 13
37 52 33
51 31 38
27 7 38
31 108
10 12 11
13 24 23
26 12 17
12 28 17
25 4 23
2 12 17
10 24 11
6 26 30
20 3 17
18 9 7
30 6 30
17 8 17
12 2 17
1 25 30
22 18 31
11 14 17
24 25 30
22 19 23
24 16 17
1 13 23
7 24 23
15 6 30
4 16 23
10 31 23
4 18 31
21 30 23
24 29 17
7 17 23
19 7 23
12 18 23
28 2 2
26 27 17
13 5 7
26 6 30
10 2 17
6 14 30
9 26 23
23 22 23
30 17 30
3 16 17
31 20 23
26 31 23
2 16 15
10 8 17
12 18 23
19 23 23
9 4 7
27 20 17
13 9 9
6 29 30
6 12 30
28 4 23
7 2 23
18 9 7
2 19 17
4 15 23
4 24 23
23 27 23
30 1 30
12 9 23
21 25 23
21 27 23
15 18 23
18 20 23
23 10 23
24 1 17
1 16 15
28 18 23
26 20 17
21 17 23
26 18 23
30 21 23
26 9 23
8 21 23
18 10 23
10 13 23
14 8 29
24 26 17
1 2 15
10 21 23
26 6 30
18 12 23
27 29 17
30 20 30
15 26 17
30 3 30
22 21 7
17 13 23
14 16 15
12 4 23
16 12 17
3 7 23
17 28 17
31 19 23
8 12 17
23 31 23
12 24 11
22 6 23
26 18 23
5 7 7
30 9 23
29 28 15
21 28 23
22 14 23
20 14 20
8 10 17
11 14 17
5 3 23
3 1
1 2 3
10 48
5 10 10
5 8 8
7 5 8
7 6 8
4 6 4
7 10 8
5 1 8
1 10 8
7 8 8
4 3 3
8 9 8
5 8 8
3 1 8
9 1 8
2 10 8
6 9 8
9 8 8
5 4 8
6 1 8
3 1 8
10 9 10
4 9 8
9 4 8
9 8 8
4 6 4
4 7 8
10 4 8
4 10 8
10 3 8
5 1 8
10 8 8
2 10 8
10 9 10
7 4 8
7 9 8
3 2 3
7 2 8
1 3 8
3 9 8
9 3 8
1 7 8
4 6 4
6 5 8
7 6 8
1 10 8
2 7 8
5 9 10
9 6 8
60 120
14 1 13
50 14 23
1 34 57
31 21 57
34 52 57
51 42 22
60 21 22
21 45 13
52 20 13
34 46 57
3 33 13
41 58 13
26 39 13
16 32 13
36 48 13
19 9 22
47 44 22
57 8 13
40 23 13
16 30 22
38 49 13
28 22 22
51 16 22
40 41 22
24 42 57
9 59 13
19 42 57
44 8 13
29 59 13
21 48 22
55 16 22
51 19 22
34 5 13
41 36 13
33 60 13
21 33 13
39 20 13
32 33 23
3 41 6
42 21 42
18 45 13
17 55 13
9 48 9
14 22 13
33 56 13
1 47 6
48 33 13
32 9 13
50 22 13
17 53 13
54 44 22
16 41 22
52 44 22
60 52 22
56 50 13
33 21 13
47 7 22
37 9 9
39 24 22
3 56 22
28 43 28
53 27 13
23 2 23
23 39 13
15 13 13
59 16 13
40 44 16
9 18 22
10 27 13
46 51 22
40 59 13
10 27 13
3 7 22
11 50 13
14 40 13
14 21 13
13 15 13
15 25 13
44 46 22
34 5 13
42 27 13
38 47 22
20 55 13
14 15 59
2 59 23
52 35 22
54 43 6
32 13 13
30 49 13
35 52 22
55 2 13
49 26 36
44 4 13
25 22 22
55 36 13
46 3 6
52 26 13
42 11 22
55 12 22
4 1 13
32 30 13
3 46 6
59 56 13
42 59 13
51 29 22
15 1 13
52 33 13
46 7 22
10 8 13
24 44 22
53 13 13
35 22 22
45 43 13
18 3 6
33 23 23
3 58 13
46 7 22
58 42 13
54 31 6
1 34 57
59 14
3 1 1
34 30 1
54 25 1
30 33 1
30 13 1
34 44 1
21 23 1
9 6 48
44 13 59
25 18 1
59 6 1
18 26 1
48 26 11
40 25 6
55 59
52 11 53
53 40 53
17 2 53
45 26 53
40 26 53
21 33 53
52 6 9
10 34 53
19 20 9
41 22 53
44 43 53
8 46 53
17 1 23
17 24 23
28 16 9
34 36 53
53 38 53
2 12 53
24 47 9
38 40 53
6 28 9
39 45 53
36 14 16
23 25 53
38 41 53
1 4 53
20 9 9
49 50 53
53 11 53
11 41 53
6 38 53
30 1 23
44 50 53
48 1 53
13 17 23
13 12 9
32 1 9
5 2 53
35 41 9
44 21 53
26 8 53
55 40 53
15 31 53
42 18 53
48 16 53
37 9 9
20 6 9
30 10 9
23 33 53
47 42 9
31 50 53
23 4 53
27 9 9
9 32 9
20 11 53
4 33 53
17 53 53
7 48 53
48 40 53
60 120
19 48 32
46 37 46
17 29 38
5 54 38
50 54 38
6 21 56
57 31 46
17 50 38
15 31 32
12 50 56
19 59 38
19 23 46
9 20 49
17 54 38
14 16 56
53 35 26
33 44 38
21 60 56
50 58 38
19 9 32
3 5 46
31 3 32
58 10 46
36 6 56
38 57 38
5 12 38
29 40 56
2 58 46
48 42 60
59 8 36
15 4 38
16 28 38
30 3 38
59 43 38
32 11 38
37 14 38
29 31 38
33 26 26
43 1 46
40 27 56
46 53 38
51 7 38
16 52 38
42 34 46
58 49 15
45 44 44
39 11 56
42 15 32
47 55 38
56 47 56
41 44 38
21 4 38
33 16 56
4 39 38
59 33 56
39 59 56
25 38 38
58 16 38
32 54 38
54 10 38
7 6 56
6 58 38
2 49 46
25 10 46
56 36 56
13 48 38
28 52 45
6 3 18
44 10 46
48 45 15
38 48 38
31 40 38
58 14 38
2 36 38
18 24 32
18 58 15
24 5 46
22 46 38
44 10 46
39 58 31
48 35 38
15 6 38
59 51 38
60 24 38
35 5 38
52 16 38
31 57 46
5 47 38
50 36 14
41 29 38
39 43 38
54 15 38
47 56 56
48 22 38
59 43 38
6 50 56
44 9 44
46 16 38
13 57 38
12 51 38
57 41 38
3 15 15
43 29 18
9 1 15
19 4 44
30 34 38
19 27 48
11 10 38
22 36 14
58 43 46
6 55 38
26 43 38
18 45 15
46 37 46
47 20 38
22 5 38
6 34 52
38 21 38
22 42 38
42 40 38
38 60
4 8 20
9 27 20
11 14 14
1 13 20
5 29 26
1 5 20
34 21 19
22 15 20
12 17 19
2 3 2
21 10 20
4 32 20
11 19 19
33 18 18
5 23 19
22 25 20
8 4 20
37 11 8
4 27 20
21 7 19
20 12 20
4 21 20
12 23 19
36 29 19
7 13 6
12 16 19
4 3 20
28 24 19
30 3 20
24 29 19
12 17 19
27 13 6
28 23 19
36 23 19
5 14 19
15 37 19
32 21 19
2 15 20
15 33 19
8 3 20
14 9 20
32 20 20
5 22 20
29 25 19
17 20 20
10 21 20
33 10 20
31 22 2
14 37 14
18 7 18
32 9 20
28 7 19
36 37 19
10 37 20
27 7 18
2 22 2
27 10 20
14 21 19
3 20 20
23 11 6
44 104
12 43 39
2 24 8
32 12 39
16 10 39
24 14 8
32 11 15
1 32 39
37 9 39
6 20 39
4 35 28
36 28 39
36 27 27
13 19 8
31 8 8
16 11 8
9 26 18
13 30 39
22 13 39
4 17 18
33 42 5
18 10 39
14 24 8
40 1 1
2 12 8
8 15 8
32 5 39
43 20 39
41 43 10
22 23 39
4 20 8
8 16 8
10 7 39
6 17 39
14 43 39
25 38 39
34 40 8
22 37 39
18 22 39
11 24 8
3 35 39
37 41 39
25 9 39
32 37 39
4 31 28
5 27 39
7 16 8
27 18 9
3 28 39
14 33 34
3 24 39
10 30 29
24 6 39
44 21 39
32 10 29
19 44 8
23 15 15
32 36 29
39 30 39
13 14 8
24 26 8
24 2 8
44 15 8
36 34 39
44 1 28
22 5 39
5 31 9
9 10 39
18 43 29
23 26 8
41 3 29
36 33 39
34 26 8
31 5 28
8 30 39
14 36 39
28 22 39
6 27 27
26 12 18
33 9 8
34 1 8
26 38 18
40 13 8
1 34 8
4 13 8
16 1 8
39 9 39
42 9 39
44 28 28
19 5 8
4 10 39
43 44 39
13 5 12
31 19 8
2 44 8
17 33 8
33 29 39
23 9 8
41 17 39
41 21 41
19 37 39
20 39 39
39 34 39
8 14 8
31 5 28
11 83
4 2 10
7 5 10
7 9 10
7 8 10
7 10 10
8 3 10
1 5 1
3 7 10
11 9 1
6 5 10
8 5 1
8 4 10
10 3 10
7 10 10
4 3 10
7 9 10
11 4 10
3 4 10
9 2 10
6 11 10
5 7 10
9 7 10
10 6 10
9 1 1
10 6 10
5 8 1
7 3 10
9 1 1
9 3 10
4 3 10
3 11 10
1 5 1
8 11 1
4 10 10
6 11 10
4 9 10
9 8 1
10 1 10
9 2 10
9 11 1
5 9 1
1 2 10
10 3 10
10 6 10
6 10 10
1 7 10
4 10 10
2 3 10
7 9 10
11 5 1
6 10 10
8 11 1
11 6 10
1 5 1
6 1 10
6 5 10
2 1 10
5 7 10
5 8 1
2 1 10
2 3 10
6 5 10
10 8 10
4 1 10
6 3 10
10 9 10
5 10 10
11 2 10
6 2 10
7 3 10
6 2 10
2 6 10
10 4 10
8 3 10
2 8 10
2 5 10
6 8 10
6 2 10
8 7 10
1 9 1
9 5 1
5 9 1
3 4 10
54 40
23 7 11
1 48 34
29 21 18
29 8 29
4 12 47
29 51 11
35 40 11
44 27 34
5 49 11
25 23 11
36 29 45
31 19 25
2 32 11
8 44 34
47 25 19
22 49 49
42 50 45
45 4 45
14 23 45
54 26 11
25 28 11
11 27 11
28 52 20
25 4 34
48 29 53
14 24 45
31 49 11
23 13 34
12 40 45
3 29 11
8 42 45
47 9 11
37 43 34
22 35 45
54 18 54
15 9 11
25 4 34
49 32 11
16 44 34
17 24 34
56 101
16 17 24
27 41 24
30 53 24
47 48 45
11 48 45
15 12 24
10 41 24
7 2 2
30 6 24
6 55 45
15 40 24
44 26 24
53 3 24
26 11 24
12 28 24
30 14 24
56 53 53
20 56 24
25 46 2
53 46 33
24 43 24
51 50 24
31 34 24
19 47 24
5 11 45
9 18 18
7 48 45
39 49 45
39 20 24
37 54 24
29 17 24
18 13 18
8 32 50
56 52 24
47 51 24
46 47 47
11 7 33
20 18 24
4 49 4
37 21 24
13 5 32
30 9 24
45 16 45
5 34 45
44 11 24
26 45 24
41 56 24
56 1 45
18 20 24
20 39 24
12 29 45
53 52 24
6 52 24
26 36 26
28 2 24
52 12 24
31 12 24
8 56 45
34 1 45
39 14 24
17 11 24
18 42 45
12 32 32
13 54 45
3 34 24
53 26 24
50 13 50
42 30 24
10 37 24
13 12 12
14 27 24
11 24 24
27 22 50
55 33 45
30 20 24
19 39 24
41 24 24
23 52 24
31 35 24
48 29 45
43 53 33
18 16 50
4 42 45
30 37 24
4 55 50
20 31 24
51 11 24
33 2 33
56 25 33
2 44 24
8 26 24
23 5 32
44 29 24
9 17 24
47 9 45
19 50 24
5 7 45
19 32 24
37 34 24
10 3 24
24 8 24
9 83
8 3 2
6 2 2
2 7 2
7 2 2
4 2 2
5 2 5
5 3 7
2 7 2
8 5 5
7 2 2
6 7 2
4 3 2
1 6 3
9 6 2
8 3 2
9 6 2
7 8 2
9 7 3
7 2 2
7 3 2
8 2 2
1 8 2
8 2 2
6 5 5
6 2 2
2 9 2
7 3 2
1 9 2
1 7 2
9 7 5
6 9 2
5 9 5
9 8 4
3 6 3
1 4 2
2 5 5
1 9 2
7 4 2
3 5 5
3 4 2
2 8 6
6 1 3
7 5 5
1 8 2
6 8 2
5 3 5
8 2 2
3 5 5
7 3 2
4 2 2
7 3 2
8 4 4
7 6 2
8 4 4
8 6 2
7 9 2
9 8 4
4 2 2
9 5 5
4 2 2
2 6 2
4 2 2
3 8 2
2 5 5
4 1 2
6 1 4
1 8 2
3 7 2
6 7 8
4 7 2
8 7 2
9 8 4
1 2 2
3 7 2
2 1 2
8 3 2
4 3 2
9 8 4
3 9 2
9 8 4
8 3 2
9 4 4
9 4 4
29 36
24 3 13
25 27 22
14 26 26
20 4 22
8 7 7
20 9 22
20 25 22
16 11 26
2 22 7
6 24 26
1 21 22
17 15 26
2 8 7
21 12 22
21 1 22
15 2 7
18 19 22
6 8 22
9 17 26
15 25 22
24 27 26
6 12 22
9 21 22
2 5 7
10 5 10
20 2 7
9 18 22
12 3 26
8 4 12
29 11 26
24 14 26
11 2 7
4 26 26
23 27 22
21 13 26
24 4 26
49 70
49 29 29
42 12 18
34 10 18
49 17 18
40 31 18
16 20 10
44 28 18
41 30 41
27 46 18
6 37 18
3 16 4
33 3 49
32 23 4
33 12 18
38 46 18
40 31 18
12 41 41
3 19 18
35 16 18
1 23 18
8 45 18
15 14 18
14 44 14
6 26 18
14 7 18
38 3 18
47 44 18
22 20 18
4 24 18
9 28 18
35 38 18
33 40 18
7 6 18
6 25 18
36 10 4
40 1 18
30 10 22
14 20 18
35 27 18
31 10 18
27 38 18
41 46 18
31 30 41
38 13 18
45 44 45
5 26 47
26 22 18
15 19 32
16 11 18
35 8 18
6 34 18
46 37 46
21 26 47
49 6 18
45 4 22
4 19 18
48 31 18
48 22 18
30 8 18
26 20 1
33 12 18
16 28 18
31 15 18
33 13 47
47 21 47
16 26 18
18 35 18
33 14 18
12 16 18
21 45 18
53 12
51 33 49
25 30 4
7 19 50
14 26 53
32 48 50
50 18 50
49 47 50
27 31 50
23 49 50
37 15 50
29 11 47
36 33 50
34 79
16 29 3
3 4 3
32 15 15
4 15 15
1 29 3
22 18 3
21 14 14
15 23 15
26 12 3
20 18 28
34 27 28
11 24 3
10 22 6
29 1 3
13 14 3
25 30 6
19 3 3
31 25 6
21 3 3
26 11 26
12 14 28
19 22 3
11 16 3
23 27 3
4 13 3
27 22 3
12 16 28
9 32 3
10 17 3
31 27 3
28 8 28
21 34 28
4 8 8
10 24 3
33 34 28
32 10 3
21 15 15
5 24 28
21 34 28
26 14 3
25 28 3
8 14 8
13 14 3
25 23 3
1 33 8
25 16 3
2 9 3
19 17 3
17 1 3
4 28 28
3 34 3
30 33 3
21 19 8
8 13 3
11 23 3
30 17 3
5 8 8
2 6 3
29 27 3
22 24 3
6 15 15
8 5 8
11 14 3
21 6 3
20 7 3
28 8 28
31 18 3
4 30 3
32 10 3
17 7 3
19 9 8
1 5 1
8 12 28
1 11 3
32 11 3
29 28 3
29 31 6
15 11 15
9 27 8
37 73
31 17 14
18 25 22
4 31 14
4 35 27
15 22 22
32 4 22
34 27 28
27 14 14
8 17 14
29 11 28
30 9 30
3 33 33
26 9 14
7 14 14
29 16 28
30 31 30
8 4 14
19 11 28
18 3 36
4 29 28
9 17 14
4 15 14
12 37 22
37 21 28
21 15 28
22 28 28
18 12 18
23 1 22
20 27 14
4 34 28
23 27 22
21 36 28
2 30 20
25 1 30
27 4 27
27 20 14
21 33 28
29 3 28
9 3 22
35 17 27
6 10 14
19 9 28
11 23 28
5 32 22
19 28 28
23 32 22
1 33 22
37 14 22
34 15 28
9 25 30
5 32 22
10 6 14
14 32 22
37 14 22
3 2 22
5 23 22
33 16 22
14 7 14
28 9 28
34 18 28
30 4 14
16 33 22
22 25 22
10 32 22
22 23 22
20 15 14
1 27 14
11 5 28
7 16 27
22 5 22
20 19 28
7 15 14
21 33 28
42 15
29 15 23
12 2 23
5 13 23
11 30 14
3 8 23
36 22 23
35 13 23
26 11 23
38 1 23
8 12 23
40 22 28
14 4 23
30 2 23
18 15 14
40 25 25
60 120
52 41 58
51 10 59
40 34 59
5 18 59
39 2 59
45 33 13
43 2 59
7 21 59
60 36 17
55 22 59
15 47 59
13 41 59
28 23 59
12 17 59
46 47 59
28 59 59
49 6 59
35 31 39
11 57 59
54 6 59
19 4 59
5 31 59
26 30 59
10 60 17
50 35 59
14 33 59
42 33 59
40 17 59
11 14 58
31 29 39
33 6 59
4 30 59
18 15 33
31 55 59
53 46 30
38 6 59
36 57 59
29 18 59
39 12 39
31 23 59
17 25 59
43 26 59
5 17 59
29 10 59
27 32 59
21 60 59
18 17 17
21 55 45
26 22 59
28 5 59
43 59 59
58 55 59
48 43 39
54 43 59
50 7 58
60 39 10
51 34 13
36 3 59
54 52 58
27 40 58
13 48 13
55 13 59
11 27 11
32 31 13
26 59 59
12 42 59
13 49 59
4 32 59
29 58 59
50 25 58
36 32 59
8 55 59
33 17 59
5 34 59
35 20 59
44 13 59
8 43 54
58 54 58
27 16 59
41 11 11
14 23 5
57 27 59
55 49 59
17 47 17
8 24 59
16 41 59
11 24 59
18 38 59
10 2 59
20 1 1
6 46 59
59 36 59
39 6 59
56 31 59
21 23 59
12 38 4
60 15 59
45 59 59
8 27 58
43 38 59
42 48 59
17 55 17
36 12 59
26 16 4
42 19 59
35 46 59
53 37 59
17 52 59
22 7 58
27 45 59
23 34 59
43 30 59
54 10 59
2 14 58
27 24 59
50 23 58
41 7 58
24 27 59
2 10 59
31 43 39
51 12
40 46 49
22 23 49
20 18 2
51 11 2
32 49 2
3 31 31
40 41 16
6 49 2
44 40 2
21 30 2
8 48 2
51 9 18
31 66
18 24 24
2 5 3
29 3 3
10 28 10
20 26 10
29 31 8
15 22 10
20 17 17
31 21 24
22 24 24
26 30 10
1 28 11
2 11 3
14 30 10
23 27 10
4 17 24
16 13 10
11 17 10
21 30 24
22 8 10
31 26 10
23 25 17
13 8 10
10 28 10
20 31 10
24 3 24
27 21 24
22 29 10
6 9 10
1 12 10
17 23 17
31 18 10
20 30 17
21 3 24
20 5 10
8 15 8
9 26 10
21 25 24
13 31 10
22 21 24
5 26 10
1 7 8
27 24 24
6 22 10
29 12 10
8 19 8
15 14 3
18 11 10
31 27 8
7 28 8
18 8 10
3 16 3
29 3 3
20 19 10
7 11 8
11 29 8
23 7 10
17 2 10
30 15 10
25 3 10
6 10 10
18 5 10
29 16 3
4 19 24
9 16 3
22 12 22
9 23
9 4 4
9 4 4
7 8 7
2 3 7
5 6 7
9 6 7
6 2 2
1 7 7
1 9 4
1 5 7
7 6 7
1 2 7
3 8 7
8 2 8
7 4 7
4 1 4
9 1 4
6 9 7
2 8 8
2 6 2
3 5 7
3 9 4
4 7 7
31 32
2 1 9
10 19 9
20 7 5
18 8 19
12 25 9
2 25 20
30 2 2
28 16 5
13 19 19
21 4 5
7 9 9
20 9 9
21 27 9
21 7 5
30 6 9
5 1 9
6 2 9
17 27 9
2 6 9
1 3 3
9 24 9
17 10 5
7 12 9
1 26 9
24 11 5
9 7 9
29 5 5
20 15 20
8 1 19
7 4 5
14 26 9
31 3 9
15 104
11 3 11
13 6 5
5 10 10
1 12 5
12 3 5
13 3 13
11 4 11
5 9 5
3 4 5
15 6 5
9 12 9
3 10 10
15 3 13
11 9 11
3 15 13
11 6 11
4 5 5
11 5 11
9 12 9
5 3 5
5 12 5
3 11 11
3 10 10
13 9 5
1 13 13
11 13 11
9 13 5
2 3 11
9 7 11
10 9 10
8 15 11
10 11 11
4 1 5
7 5 11
7 6 11
8 6 11
2 6 11
8 10 11
6 1 5
5 14 5
14 12 5
14 1 13
4 10 10
15 5 5
11 2 11
5 10 10
10 11 11
2 14 11
10 4 10
7 9 11
14 15 14
10 11 11
15 1 13
4 13 5
10 2 11
9 14 5
7 5 11
9 3 5
4 13 5
13 5 5
9 14 5
4 3 5
5 2 11
1 12 5
4 8 11
1 8 11
15 9 5
6 10 10
14 8 11
3 12 5
8 11 11
11 13 11
14 7 11
12 6 9
12 5 5
8 15 11
2 13 11
4 10 10
4 11 11
4 11 11
13 2 11
15 12 5
14 6 5
9 14 5
11 4 11
7 3 11
5 3 5
2 8 11
15 5 5
1 11 11
15 13 13
13 1 13
10 13 10
5 14 5
6 2 11
14 11 11
6 3 5
4 2 11
14 15 14
9 3 5
14 15 14
2 7 11
7 3 11
7 5 11
14 24
6 13 14
14 7 14
6 8 14
14 9 14
5 13 14
1 5 14
7 8 8
1 11 14
1 5 14
14 2 14
5 1 14
13 14 14
2 14 14
9 14 14
6 2 14
12 8 8
13 4 1
3 10 3
4 11 14
6 7 14
4 1 1
9 12 14
9 12 14
9 6 14
41 74
8 32 41
38 13 41
35 27 13
8 17 13
28 7 41
3 16 41
4 3 41
35 30 30
27 12 41
10 14 40
37 10 41
25 28 41
35 24 41
7 8 13
23 25 13
8 21 13
4 22 41
18 24 41
36 8 41
11 32 41
10 11 41
35 18 41
30 16 13
22 39 41
13 23 13
11 36 41
12 34 41
1 33 39
18 1 40
16 27 13
11 27 41
13 33 41
26 36 41
11 37 34
26 25 41
18 26 40
15 9 41
21 26 41
5 2 39
10 18 40
35 8 13
29 2 29
39 33 39
18 19 41
40 2 40
39 21 41
8 20 41
33 21 41
37 12 41
9 4 9
1 29 39
4 26 40
15 23 41
39 28 39
36 39 41
13 17 13
19 15 41
15 32 41
9 5 9
21 41 41
26 1 40
29 26 40
17 1 41
7 32 41
37 7 41
37 41 41
16 21 13
34 12 41
29 24 41
9 23 41
23 37 41
12 27 41
19 26 41
7 2 41
24 12
6 15 23
23 4 23
8 3 23
17 10 17
5 2 12
10 12 12
9 20 20
3 4 23
5 12 12
18 20 12
20 12 12
7 11 23
34 114
33 29 32
33 22 32
12 1 8
26 27 5
6 10 7
32 7 3
23 15 32
19 6 32
6 21 7
20 10 25
3 28 25
15 8 8
14 25 7
9 4 32
1 13 8
13 1 8
26 7 32
30 25 25
25 24 7
24 18 6
24 32 32
31 12 25
26 2 32
4 13 3
24 34 7
32 15 32
1 2 8
6 18 32
24 7 7
27 34 7
34 29 32
27 5 32
29 17 7
27 19 32
3 28 25
19 17 32
24 18 32
13 31 25
22 12 25
16 11 7
18 27 23
8 17 8
7 29 7
30 22 25
19 14 32
15 34 7
15 21 7
19 24 32
25 22 25
1 10 8
24 8 8
26 17 32
10 34 7
14 17 15
16 5 32
23 12 32
26 32 32
12 33 32
31 17 7
34 12 7
12 34 7
23 6 32
20 22 28
28 19 3
29 1 8
24 1 8
18 33 32
1 5 32
6 33 32
26 1 32
13 11 22
18 31 32
18 33 32
7 16 7
25 20 25
27 20 20
11 23 32
19 22 32
34 27 7
12 19 32
18 2 32
30 12 25
6 12 7
14 18 32
6 13 7
27 3 3
28 2 23
21 12 28
1 17 8
19 5 32
28 20 25
21 2 7
27 22 22
25 23 32
17 20 7
4 11 3
34 31 7
5 1 32
9 29 32
34 12 7
16 4 7
10 24 7
9 29 32
24 15 15
16 32 32
34 33 32
26 9 26
24 29 7
5 31 32
8 1 8
31 22 25
20 12 25
31 24 7
2 18 32
18 47
18 17 16
1 11 2
1 17 16
7 4 16
12 18 12
6 17 16
11 7 16
7 1 16
13 8 16
14 7 7
4 3 4
15 9 16
8 9 16
1 15 16
6 5 16
1 10 2
7 1 16
3 11 4
11 1 2
12 9 16
11 6 6
12 16 16
15 8 16
8 2 16
16 14 16
11 5 16
17 9 16
2 4 4
16 15 16
5 11 16
9 2 9
11 2 2
9 1 9
5 6 16
2 13 6
8 17 16
9 13 6
17 16 16
2 7 16
8 11 16
17 16 16
18 13 16
14 2 16
12 9 16
12 5 16
10 12 16
14 9 16
6 76
6 4 6
1 3 1
4 2 1
3 5 3
3 2 1
3 5 3
2 6 1
2 3 1
3 6 6
4 5 4
4 1 1
5 3 3
3 1 1
1 6 1
6 4 6
5 6 6
6 1 1
1 2 1
5 4 4
5 4 4
5 4 4
2 5 1
3 6 6
2 6 1
3 1 1
2 4 1
3 5 3
5 2 1
3 6 6
6 5 6
3 2 1
6 5 6
2 4 1
6 1 1
3 1 1
6 5 6
4 1 1
5 2 1
6 5 6
6 3 6
3 5 3
6 2 1
2 4 1
1 5 1
1 4 1
6 2 1
4 6 6
4 6 6
5 3 3
2 4 1
1 5 1
6 4 6
4 5 4
4 1 1
5 3 3
6 2 1
6 3 6
4 2 1
2 1 1
1 5 1
2 4 1
3 1 1
6 4 6
6 4 6
2 3 1
4 2 1
4 2 1
6 5 6
3 6 6
2 5 1
4 6 6
6 2 1
4 2 1
1 2 1
5 6 6
1 5 1
20 116
5 4 4
7 2 16
7 12 16
10 13 4
1 12 5
9 16 9
12 16 16
3 1 16
7 11 16
17 19 16
6 12 16
20 10 9
17 12 16
14 6 16
11 6 16
2 8 8
13 9 9
1 16 16
9 16 9
17 7 16
6 17 16
19 18 16
16 17 16
18 20 9
18 1 16
13 8 16
18 4 16
15 2 16
10 2 16
13 9 9
15 9 9
20 4 9
3 6 16
2 11 11
6 8 16
20 15 9
15 6 16
15 17 16
19 8 16
16 11 16
3 5 16
18 12 16
6 7 16
8 12 16
10 17 16
9 5 9
14 19 16
6 18 16
19 14 16
11 15 16
1 7 16
6 16 16
16 10 16
5 14 16
20 3 9
11 12 16
2 5 16
14 12 16
12 7 16
2 11 11
20 12 9
7 17 16
4 20 9
17 11 14
6 14 16
9 1 9
15 3 16
15 9 9
6 12 16
10 13 4
15 16 16
20 9 9
14 11 14
9 2 9
19 15 16
9 8 9
6 2 16
18 20 9
13 14 16
20 5 9
5 16 16
9 20 9
19 6 16
11 17 14
16 2 16
19 4 16
4 12 4
15 8 16
7 15 16
14 12 16
10 8 16
4 11 16
20 3 9
13 4 4
7 19 19
15 10 16
14 10 16
18 11 8
7 2 16
14 17 14
12 20 9
9 8 9
14 4 16
18 1 16
7 3 19
2 5 16
11 13 16
1 14 16
3 7 19
2 19 16
14 15 16
18 7 16
11 17 14
11 4 16
10 9 9
10 11 16
56 31
24 21 36
48 17 15
41 23 6
27 56 36
48 28 15
15 50 15
23 49 36
13 19 36
8 30 15
28 44 15
26 32 15
56 25 15
26 44 44
52 17 34
50 56 34
23 4 36
30 5 15
9 20 15
35 47 15
5 11 46
17 13 36
30 8 15
27 41 36
7 43 29
31 34 24
1 47 29
26 5 15
25 4 22
37 53 36
3 9 9
32 16 15
14 32
13 8 4
2 14 4
9 8 9
1 9 9
7 14 7
6 3 4
10 11 4
5 3 4
3 11 4
2 9 4
7 1 7
8 3 8
8 13 4
10 8 4
12 9 4
11 5 4
4 14 7
8 11 4
11 14 13
14 8 8
1 7 7
13 8 4
5 3 4
3 6 4
11 12 4
4 11 4
3 6 4
8 9 9
9 5 4
8 11 9
10 4 4
13 8 4
56 84
8 40 6
7 51 6
36 27 6
38 17 55
3 19 6
35 52 6
25 53 12
14 41 6
49 39 49
39 56 39
3 1 3
50 26 6
29 44 6
4 26 6
52 6 6
37 29 54
18 52 22
5 25 6
54 31 6
40 17 6
49 15 6
36 22 6
45 2 6
8 15 6
14 13 6
21 18 22
42 49 6
6 32 6
18 31 6
33 12 6
9 12 6
28 44 6
9 21 6
43 22 6
33 35 44
8 13 55
41 39 6
51 55 55
39 32 6
34 41 6
18 28 6
47 18 6
8 33 6
15 39 6
10 48 10
23 51 6
3 20 6
15 50 6
31 40 6
16 9 6
46 52 54
15 48 6
13 33 6
10 23 6
31 52 6
48 9 6
39 2 6
6 21 6
33 4 44
29 12 6
1 22 6
40 26 6
31 20 6
49 55 55
46 31 6
53 27 6
51 27 6
29 37 54
41 19 6
50 45 6
41 37 54
8 1 55
12 22 6
31 15 6
54 13 6
30 24 6
22 20 54
41 15 6
50 22 6
36 56 6
29 26 6
39 41 6
35 30 44
26 3 55
21 41
21 4 21
14 19 14
6 4 14
2 1 10
16 19 14
19 11 14
6 17 18
19 16 14
15 16 18
16 21 21
16 1 11
14 17 18
21 13 21
15 9 18
19 8 18
7 9 3
8 18 18
2 11 11
10 21 21
7 18 18
18 2 18
18 21 18
13 14 14
3 20 14
14 8 18
18 9 18
16 11 11
9 7 3
12 19 14
11 14 14
6 12 3
14 9 14
7 17 18
3 8 18
10 16 11
6 13 13
18 21 18
15 7 18
10 9 3
6 17 18
13 10 13
32 62
6 1 13
28 1 1
20 19 4
18 7 4
17 19 13
18 24 4
11 3 4
19 4 4
18 8 4
7 27 4
15 2 11
7 30 13
28 13 13
6 23 13
14 10 13
20 7 4
18 15 4
18 3 9
7 3 4
3 4 4
14 18 13
2 29 4
25 23 13
21 2 21
21 3 4
16 14 13
18 12 9
18 32 9
23 22 4
20 11 4
8 19 8
26 28 4
17 3 13
21 9 4
29 7 4
5 2 13
7 26 11
16 10 4
25 2 13
27 30 13
14 23 13
21 32 4
31 4 4
14 30 13
10 14 13
22 29 10
30 10 13
13 12 13
32 24 4
14 31 13
8 2 4
29 26 4
27 16 13
26 6 13
9 28 4
22 29 10
17 15 13
11 26 11
1 20 4
26 25 13
16 1 4
18 26 4
