4 4 4
4 4 3
20 20 20
20 20 19
20 20 18
20 20 16
20 20 15
20 20 14
20 20 13
20 20 12
20 20 11
20 20 10
20 20 9
20 20 8
20 20 7
20 20 6
20 20 5
20 20 4
20 20 3
20 20 2
20 20 1
19 20 20
19 20 19
19 20 18
19 20 16
19 20 15
19 20 14
19 20 13
19 20 12
19 20 11
19 20 10
19 20 9
19 20 8
19 20 7
19 20 6
19 20 5
19 20 4
19 20 3
19 20 2
19 20 1
19 15 20
19 15 19
19 15 18
19 15 16
19 15 15
19 15 14
19 15 13
19 15 12
19 15 11
19 15 10
19 15 9
19 15 8
19 15 7
19 15 6
19 15 5
19 15 4
19 15 3
19 15 2
19 15 1
14 4 3
10 1 9
13 17 17
20 12 12
4 6 9
14 11 7
10 13 18
8 13 9
13 5 10
12 8 11
5 16 1
5 11 3
5 4 2
11 17 17
12 10 18
16 12 11
5 15 6
10 11 8
7 4 15
1 17 13
13 14 11
10 20 6
16 10 8
20 18 5
17 10 17
5 14 6
8 7 10
15 13 6
4 19 2
11 11 18
16 17 4
12 8 3
7 9 13
2 11 1
19 12 12
15 8 5
18 6 19
12 19 8
12 8 14
20 16 11
11 14 3
15 14 8
2 11 1
18 19 7
4 18 9
14 9 19
6 14 9
1 12 7
8 11 10
8 9 4
6 4 13
11 8 3
11 6 11
1 17 3
5 12 19
7 20 1
16 16 3
15 2 7
3 9 6
11 19 4
10 7 20
11 16 13
14 15 16
11 14 16
11 16 6
6 15 9
14 14 15
5 4 1
18 20 16
10 10 11
8 18 16
8 14 7
6 13 13
16 14 14
4 18 16
18 17 18
17 20 15
9 3 2
16 11 17
15 2 11
20 8 15
20 3 6
14 13 17
13 4 18
8 4 11
8 17 7
20 9 12
8 17 1
14 9 15
11 18 9
11 20 6
19 12 2
10 12 3
18 13 5
16 12 14
6 19 17
3 18 9
13 18 5
4 16 10
8 17 3
0 0 0
