50
5 2
1 1
1 2
5 8
1 4
2 1
2 4
1 5
1 3
2 5
2 3
2 2
5 4
1 2
1 5
2 2
1 1
5 10
1 1
2 5
2 3
2 4
1 4
1 5
2 2
1 2
1 3
2 1
5 5
2 5
1 4
2 3
1 5
2 1
5 2
2 4
2 3
2 4
1 2
1 1
2 1
2 2
5 8
2 2
1 4
2 4
2 1
1 1
2 5
1 3
2 3
5 2
1 1
2 4
5 8
1 5
1 2
2 4
1 4
1 3
2 2
2 1
2 5
5 5
2 1
2 2
2 3
2 4
2 5
5 2
2 2
1 3
5 8
2 3
2 2
1 3
1 1
2 5
1 4
1 5
2 4
5 3
1 3
1 5
2 5
5 5
1 1
1 2
1 3
1 4
1 5
4 0
5 8
1 3
1 4
1 2
1 1
2 2
2 4
2 5
2 1
5 4
1 5
1 4
2 4
1 2
3 5
1 3
1 1
2 3
2 2
1 2
3 4
2 2
2 1
1 3
2 3
5 10
2 4
1 2
2 3
1 1
2 5
2 2
1 4
1 5
2 1
1 3
4 4
2 1
1 2
2 3
1 4
5 5
1 3
2 1
2 3
2 2
1 4
5 6
2 5
2 4
1 2
1 5
2 3
2 2
5 4
1 3
2 4
1 4
1 1
5 10
1 1
2 1
1 2
2 2
1 3
2 3
1 4
2 4
1 5
2 5
5 6
2 4
2 5
1 3
2 1
2 2
2 3
5 4
1 5
2 2
1 4
2 1
5 0
1 2
1 1
2 1
5 2
2 5
2 4
1 2
1 1
2 1
5 10
1 3
2 3
1 5
2 5
1 4
2 2
2 4
1 1
2 1
1 2
5 5
2 5
1 2
1 5
1 1
1 3
5 8
2 3
1 3
2 5
1 5
2 1
2 2
2 4
1 2
3 4
1 2
1 1
2 2
2 3
2 2
2 2
1 1
3 0
5 6
2 1
1 3
2 5
2 3
1 4
2 2
5 2
2 1
1 4
2 3
2 2
1 2
1 1
4 2
1 3
1 4
5 8
2 1
1 3
1 2
1 1
2 4
1 5
2 3
2 2
5 1
2 5
5 8
2 3
2 4
1 1
1 4
2 2
1 2
1 3
2 1
4 8
1 1
2 1
1 2
2 2
1 3
2 3
1 4
2 4
3 6
1 1
2 1
1 2
2 2
1 3
2 3
5 8
1 4
1 3
1 5
2 2
2 5
2 3
1 1
1 2
5 1
2 5
2 0
